0.000000000000000000e+00
0.000000000000000000e+00
0.000000000000000000e+00
0.000000000000000000e+00
0.000000000000000000e+00
0.000000000000000000e+00
0.000000000000000000e+00
0.000000000000000000e+00
0.000000000000000000e+00
0.000000000000000000e+00
0.000000000000000000e+00
0.000000000000000000e+00
0.000000000000000000e+00
0.000000000000000000e+00
0.000000000000000000e+00
0.000000000000000000e+00
0.000000000000000000e+00
0.000000000000000000e+00
0.000000000000000000e+00
0.000000000000000000e+00
0.000000000000000000e+00
0.000000000000000000e+00
0.000000000000000000e+00
0.000000000000000000e+00
0.000000000000000000e+00
0.000000000000000000e+00
0.000000000000000000e+00
0.000000000000000000e+00
0.000000000000000000e+00
0.000000000000000000e+00
0.000000000000000000e+00
0.000000000000000000e+00
0.000000000000000000e+00
0.000000000000000000e+00
0.000000000000000000e+00
0.000000000000000000e+00
0.000000000000000000e+00
0.000000000000000000e+00
0.000000000000000000e+00
0.000000000000000000e+00
0.000000000000000000e+00
0.000000000000000000e+00
0.000000000000000000e+00
0.000000000000000000e+00
0.000000000000000000e+00
0.000000000000000000e+00
0.000000000000000000e+00
0.000000000000000000e+00
0.000000000000000000e+00
0.000000000000000000e+00
0.000000000000000000e+00
0.000000000000000000e+00
0.000000000000000000e+00
0.000000000000000000e+00
0.000000000000000000e+00
0.000000000000000000e+00
0.000000000000000000e+00
0.000000000000000000e+00
0.000000000000000000e+00
0.000000000000000000e+00
0.000000000000000000e+00
0.000000000000000000e+00
0.000000000000000000e+00
0.000000000000000000e+00
0.000000000000000000e+00
0.000000000000000000e+00
0.000000000000000000e+00
0.000000000000000000e+00
-7.960931463233122951e-03
-1.494886019207108951e-01
-2.087533139247800262e-01
-2.742098615113630275e-02
0.000000000000000000e+00
0.000000000000000000e+00
-7.960931463233122951e-03
-1.946005468790318882e-01
-2.388279438969936538e-02
0.000000000000000000e+00
0.000000000000000000e+00
0.000000000000000000e+00
0.000000000000000000e+00
0.000000000000000000e+00
0.000000000000000000e+00
0.000000000000000000e+00
0.000000000000000000e+00
0.000000000000000000e+00
0.000000000000000000e+00
0.000000000000000000e+00
0.000000000000000000e+00
0.000000000000000000e+00
0.000000000000000000e+00
0.000000000000000000e+00
0.000000000000000000e+00
-7.695567081125344322e-02
-2.237906289108867464e-01
-1.494886019207108951e-01
-2.600570944656150352e-01
-5.413433394998525827e-01
-8.261677762955269566e-01
-8.597805980291771677e-01
-3.449736967401018650e-01
-1.919469030579544766e-01
-2.910162723781880567e-01
-4.511194495832110962e-01
-4.307748469549482762e-01
-2.397124918373527702e-01
-1.326821910538854808e-02
0.000000000000000000e+00
0.000000000000000000e+00
0.000000000000000000e+00
0.000000000000000000e+00
0.000000000000000000e+00
0.000000000000000000e+00
0.000000000000000000e+00
0.000000000000000000e+00
0.000000000000000000e+00
-2.830553409149556485e-02
-2.255597247916055481e-01
-4.865013671975798037e-01
-6.121071747285917741e-01
-9.659263508722868430e-01
-1.910623551175949952e+00
-3.534653569675505036e+00
-4.760637015013406526e+00
-6.446585389338120642e+00
-9.545156824416505259e+00
-1.056150240788926986e+01
-1.042262838125289193e+01
-9.522158577967182680e+00
-7.988352449384265697e+00
-5.999004131516327831e+00
-6.394397060856910286e+00
-5.316133121559003527e+00
-3.365704913066885240e+00
-2.288325521709344113e+00
-1.338321033763523404e+00
-8.279368721762445649e-01
-3.617801076069276922e-01
-1.300285472328075176e-01
0.000000000000000000e+00
0.000000000000000000e+00
0.000000000000000000e+00
0.000000000000000000e+00
-6.811019140766103042e-02
-1.238367116502930160e-01
-5.404587915594937231e-01
-1.421468540157290850e+00
-2.631530122568728647e+00
-4.539500029923602575e+00
-6.773868127271032158e+00
-1.019883775234199064e+01
-1.359638639126183079e+01
-1.699393503018166740e+01
-2.190406064711574174e+01
-2.565277481835821050e+01
-2.630291755452223512e+01
-2.408181767628020253e+01
-2.166700179909948787e+01
-1.874445540415256417e+01
-1.555300643533645122e+01
-1.257650261602761255e+01
-9.085191895429701958e+00
-6.538578375135468690e+00
-4.422739701796181144e+00
-2.871242614406082527e+00
-6.669491470308646086e-01
-3.272827379329172615e-02
0.000000000000000000e+00
0.000000000000000000e+00
0.000000000000000000e+00
-1.477195060399923154e-01
-4.413894222392590883e-01
-6.377590649990078076e-01
-1.345397417286399167e+00
-2.708485793379983519e+00
-5.378051477384154566e+00
-8.870246745922427678e+00
-1.346105055638684433e+01
-1.877099184236335816e+01
-2.305308842164242478e+01
-2.838337431024714519e+01
-3.528196369710882152e+01
-4.125796958217589605e+01
-4.419024600446677908e+01
-4.146583834816032521e+01
-3.884315370499520270e+01
-3.452036792045955593e+01
-2.827280581770228096e+01
-2.038971457322073988e+01
-1.316207335254541988e+01
-9.429281044229444575e+00
-6.084805281731184401e+00
-3.675296692192627113e+00
-1.179986952439219916e+00
-1.521422457417883900e-01
0.000000000000000000e+00
0.000000000000000000e+00
0.000000000000000000e+00
-1.937159989386726400e-01
-5.201141889312300703e-01
-1.732829415163740450e+00
-3.530230829973712403e+00
-6.588113059795586146e+00
-1.002988909573337928e+01
-1.448358797544213594e+01
-2.168646185378741009e+01
-2.866377600734104902e+01
-3.477334863140228549e+01
-4.122966404808432372e+01
-5.065717599643313918e+01
-5.773975135488954180e+01
-6.009530252006627649e+01
-5.936555046926985568e+01
-5.407949197768308380e+01
-4.582842879001201908e+01
-3.627265739031125946e+01
-2.620207908932128760e+01
-1.656139108734599930e+01
-1.078440848885979975e+01
-6.120187199345552109e+00
-3.661143925146880473e+00
-2.160950618297612369e+00
-4.679258604500359797e-01
0.000000000000000000e+00
0.000000000000000000e+00
0.000000000000000000e+00
-2.202524371494496702e-01
-8.438587351027118100e-01
-2.970311983726309890e+00
-6.265253061564475701e+00
-9.088730087191132512e+00
-1.423237636038010479e+01
-2.137510097878094939e+01
-2.873542439051015052e+01
-3.531911471060391960e+01
-4.361352074735246731e+01
-5.036527517611455806e+01
-5.872336866456902982e+01
-6.330355789974922232e+01
-6.498242989055097496e+01
-6.529909805319962857e+01
-5.939120235954029425e+01
-5.090927215943549555e+01
-4.030088871070715584e+01
-2.814896910605195757e+01
-1.698332045489733488e+01
-9.865363178826559221e+00
-5.007425890373638389e+00
-2.904855436139729630e+00
-1.825706948901462789e+00
-4.475812578217734927e-01
0.000000000000000000e+00
-6.811019140766103042e-02
-2.193678892090904220e-01
-8.288214201166044237e-01
-1.324168266717778542e+00
-3.347129406319346856e+00
-6.660645990905043057e+00
-1.100377637806889553e+01
-1.770068883452867325e+01
-2.498405657544659064e+01
-3.147044662210090138e+01
-3.696702752349322196e+01
-4.380016036276835223e+01
-4.761256198571665976e+01
-5.142054086896317955e+01
-5.515864046492134776e+01
-5.995023665784736977e+01
-6.176621357940486234e+01
-5.775213502605458160e+01
-5.144973095099503979e+01
-4.201691171500406341e+01
-2.691767837307190447e+01
-1.485775175421410665e+01
-8.187375735965098045e+00
-4.138799812940865408e+00
-1.973426454941453745e+00
-9.623881591108482958e-01
-5.661106818299112969e-02
0.000000000000000000e+00
-1.636413689664589499e-01
-5.324978600962598785e-01
-1.210946130351792327e+00
-1.769095880718472458e+00
-3.718639541270229110e+00
-6.313903198284226193e+00
-1.074548837948398194e+01
-1.774226258772559817e+01
-2.523792183432971470e+01
-2.954920849564064156e+01
-3.469020112500857067e+01
-3.828942669433024548e+01
-3.860167211727704029e+01
-4.059986591454854477e+01
-4.683150615437953945e+01
-5.337450726921680655e+01
-5.413787214174676166e+01
-5.187431396236746650e+01
-4.757364187634086505e+01
-3.770385595781247190e+01
-2.347236414537266214e+01
-1.185913423639625641e+01
-5.913202981301489025e+00
-2.290979165530419248e+00
-5.165759971697927444e-01
-3.440891487997429499e-01
-1.247212595906524446e-01
0.000000000000000000e+00
-4.865013671975797205e-02
-2.131760536265759620e-01
-9.261216935561208397e-01
-1.386086622542924696e+00
-3.202948092040795114e+00
-5.917625721003294537e+00
-1.083659681734100211e+01
-1.722834023437684081e+01
-2.371473028103112313e+01
-2.892825584150847362e+01
-3.204717187921512078e+01
-3.282468951879094732e+01
-3.143683380036726760e+01
-3.683434533243931241e+01
-4.568955476337562516e+01
-5.242981006891311324e+01
-5.071997890019863320e+01
-4.943561529079710937e+01
-4.471655202898055137e+01
-3.325369526986510493e+01
-2.018007671135563896e+01
-9.121458360984441072e+00
-4.359052250090306835e+00
-1.294978184685921629e+00
-4.157375319688408344e-02
0.000000000000000000e+00
0.000000000000000000e+00
0.000000000000000000e+00
0.000000000000000000e+00
-1.981387386404689366e-01
-4.484658057621326854e-01
-1.070303007834673581e+00
-2.672219327825249735e+00
-5.196719149610512289e+00
-1.015903309502582630e+01
-1.765911508133176966e+01
-2.432506835987898697e+01
-2.913435551161213866e+01
-3.092998783054134648e+01
-3.024357862882266446e+01
-3.134218717074884353e+01
-3.973212438505615296e+01
-5.198753609873347870e+01
-5.535501010768116004e+01
-5.184335478445483147e+01
-4.879077984227514975e+01
-4.296780075089023399e+01
-3.040102816220658255e+01
-1.749635826030566932e+01
-7.557577602429314645e+00
-2.910162723781890115e+00
-6.386436129393687766e-01
0.000000000000000000e+00
0.000000000000000000e+00
0.000000000000000000e+00
0.000000000000000000e+00
0.000000000000000000e+00
-9.110843785700124819e-02
-2.078687659844202507e-01
-8.146686530708551199e-01
-2.058343057215943794e+00
-4.392665071823967260e+00
-8.962239731719765956e+00
-1.630133399288034823e+01
-2.430914649695253260e+01
-2.981634197362914662e+01
-3.012239556099343929e+01
-3.174819467537370699e+01
-3.571627673582526086e+01
-4.755683546547400198e+01
-5.836158855696214687e+01
-6.041285523065518248e+01
-5.517013958814595753e+01
-5.069432700992826568e+01
-4.238576820613391760e+01
-2.843379354284767757e+01
-1.523103098504567043e+01
-6.746447141119892521e+00
-2.198101631792701127e+00
-5.554961065455994440e-01
0.000000000000000000e+00
0.000000000000000000e+00
0.000000000000000000e+00
0.000000000000000000e+00
0.000000000000000000e+00
0.000000000000000000e+00
0.000000000000000000e+00
-2.777480532727997220e-01
-1.102146733687607405e+00
-3.393125899218031982e+00
-7.425779959315783607e+00
-1.330890831064507474e+01
-2.059581424332444399e+01
-2.588364183079196579e+01
-2.845325359753558558e+01
-2.998263698641669350e+01
-3.746060527421370523e+01
-5.178143642862973195e+01
-5.989804832936614076e+01
-6.186262930490397594e+01
-5.752480620538233325e+01
-5.218921302913540217e+01
-4.224512508361676311e+01
-2.754305376690593476e+01
-1.440574775669051455e+01
-6.177682815468898525e+00
-2.380318507506703263e+00
-8.093613654287001857e-01
-3.095917791257325399e-02
0.000000000000000000e+00
0.000000000000000000e+00
0.000000000000000000e+00
0.000000000000000000e+00
0.000000000000000000e+00
0.000000000000000000e+00
-5.395742436191336422e-02
-5.413433394998525827e-01
-2.416584973061428609e+00
-5.897281118375027553e+00
-1.056946333935251481e+01
-1.613769262391387471e+01
-2.064534892798455701e+01
-2.351039970680812274e+01
-2.762177853359788671e+01
-3.633280665025556289e+01
-4.948338087957651510e+01
-5.753099804096480341e+01
-5.902942225193334735e+01
-5.571236747558622682e+01
-5.003887698612201973e+01
-4.060782684601182524e+01
-2.575538237943988307e+01
-1.320806984544410589e+01
-5.684105064748448122e+00
-2.950851929038409427e+00
-1.097723993985810997e+00
-3.892010937580635960e-02
0.000000000000000000e+00
0.000000000000000000e+00
0.000000000000000000e+00
0.000000000000000000e+00
0.000000000000000000e+00
-6.191835582514654268e-03
-6.191835582514650799e-02
-4.944622986608123716e-01
-2.098147714532106356e+00
-4.279442935457980823e+00
-8.361631680215856122e+00
-1.192282168810214138e+01
-1.435090578438824593e+01
-1.664011585403794413e+01
-2.110885204873279619e+01
-3.038599084722048005e+01
-4.314205669514105779e+01
-5.257487593113191338e+01
-5.423694151106692374e+01
-5.159833500497532555e+01
-4.454052698884898831e+01
-3.564109016089462756e+01
-2.362096819935304381e+01
-1.357604178863355848e+01
-6.728756182312704226e+00
-3.042844914835772130e+00
-1.210061582411433134e+00
-8.757024609556435246e-02
0.000000000000000000e+00
0.000000000000000000e+00
0.000000000000000000e+00
0.000000000000000000e+00
0.000000000000000000e+00
-6.722564346730199036e-02
-2.653643821077707465e-01
-7.545193931264279064e-01
-2.668681136063812076e+00
-5.168413615519017235e+00
-6.918933989489945979e+00
-9.143572059493436655e+00
-9.907821479963779154e+00
-1.278525592995240068e+01
-1.813234822942397884e+01
-2.619677180167912312e+01
-3.839734154305406832e+01
-4.738257952122323502e+01
-5.126397588351960621e+01
-4.725785826163268410e+01
-3.941634077034792227e+01
-3.102374991221952172e+01
-2.096378618651388592e+01
-1.375383592464574889e+01
-6.929548564774249186e+00
-3.892010937580638874e+00
-1.371933855497173393e+00
-1.733713963104106248e-01
0.000000000000000000e+00
0.000000000000000000e+00
0.000000000000000000e+00
-5.307287642155419233e-02
0.000000000000000000e+00
-7.518657493053496066e-02
-6.412972567604453555e-01
-1.585994457064109797e+00
-4.313055757191629702e+00
-6.840209222797979827e+00
-7.552270314787146610e+00
-7.692028889363903055e+00
-8.243102256207709644e+00
-1.168310919626478217e+01
-1.677545168891291283e+01
-2.601720856978619878e+01
-3.817355091414322743e+01
-4.778858702584819440e+01
-4.927285846977093087e+01
-4.358698430914176924e+01
-3.614262884307848367e+01
-2.832145595442204211e+01
-1.905050899151684618e+01
-1.314880513344004420e+01
-6.979967797374730054e+00
-4.101648799445779758e+00
-1.510807882133574642e+00
-8.403205433412741510e-02
0.000000000000000000e+00
0.000000000000000000e+00
0.000000000000000000e+00
0.000000000000000000e+00
0.000000000000000000e+00
-3.573573679051312846e-01
-1.267557198534784213e+00
-1.932737249684928660e+00
-5.085266109125252676e+00
-8.934818745568634313e+00
-1.174060481238815257e+01
-1.195466541395508031e+01
-1.205992661885782624e+01
-1.493559197296569963e+01
-2.020926679338749565e+01
-3.031345791611099116e+01
-4.131546519829926467e+01
-4.950018729044322896e+01
-4.881377808872438351e+01
-4.246803116458726635e+01
-3.359689987072447792e+01
-2.566338939364250749e+01
-1.780948823119284441e+01
-1.210061582411433356e+01
-6.703104292042288748e+00
-4.022924032753803836e+00
-1.284363609401610651e+00
-4.334284907760265620e-02
0.000000000000000000e+00
0.000000000000000000e+00
0.000000000000000000e+00
0.000000000000000000e+00
0.000000000000000000e+00
-4.493503537024917116e-01
-9.853864055601897487e-01
-1.489578731564952463e+00
-4.955237561892444020e+00
-9.065731840741788616e+00
-1.487278906920019672e+01
-1.808723628446565712e+01
-2.061615884595272874e+01
-2.289298524443739424e+01
-2.921131118242338687e+01
-3.858398115846987508e+01
-4.961606307063028964e+01
-5.386896956787752089e+01
-4.888719556777422071e+01
-4.153217944368720538e+01
-3.192421971550519189e+01
-2.444448233182749419e+01
-1.704258516690141079e+01
-1.081890585853380671e+01
-5.953007638617656028e+00
-2.893356312915060791e+00
-7.677876122318176844e-01
0.000000000000000000e+00
0.000000000000000000e+00
0.000000000000000000e+00
0.000000000000000000e+00
0.000000000000000000e+00
0.000000000000000000e+00
-3.591264637858500031e-01
-8.615496939098967744e-01
-1.831014236543619056e+00
-5.308172190095771903e+00
-9.413359181303007972e+00
-1.582367810508638861e+01
-2.129902985591002818e+01
-2.590133278959913099e+01
-3.234437998717578466e+01
-3.874408433567487720e+01
-4.797434209332356403e+01
-5.541692846350617430e+01
-5.495696353451939586e+01
-4.870586324000066014e+01
-3.963659320749741255e+01
-3.102109626839840217e+01
-2.216854048128317345e+01
-1.473214594668307065e+01
-9.164801210062037740e+00
-4.737638768564065295e+00
-1.647028264948896759e+00
-3.148990667678873145e-01
0.000000000000000000e+00
0.000000000000000000e+00
0.000000000000000000e+00
0.000000000000000000e+00
0.000000000000000000e+00
0.000000000000000000e+00
-2.972081079607032938e-01
-7.076383522873882503e-01
-2.349359329594131296e+00
-4.673951316858203420e+00
-9.759217425983422345e+00
-1.709388894744226306e+01
-2.382618332151636764e+01
-3.098571435078402914e+01
-3.864766861017577781e+01
-4.660329278576675449e+01
-5.354964776140787563e+01
-5.719310072774756293e+01
-5.237408354867042704e+01
-4.448568501654673213e+01
-3.528284824504926576e+01
-2.694067661952124482e+01
-1.774049349184484470e+01
-1.113115128148062638e+01
-5.639877667730487154e+00
-2.401547658075326108e+00
-1.131336815719464983e+00
-1.556804375032254384e-01
0.000000000000000000e+00
0.000000000000000000e+00
0.000000000000000000e+00
0.000000000000000000e+00
0.000000000000000000e+00
0.000000000000000000e+00
-7.518657493053497454e-02
-6.386436129393687766e-01
-1.647028264948896537e+00
-2.809324258580931044e+00
-7.297520507963696446e+00
-1.322576080425128531e+01
-1.897532241658630880e+01
-2.723876927542231385e+01
-3.566408840734408869e+01
-4.198772163297223869e+01
-4.667936390863760465e+01
-4.816363535256044059e+01
-4.269005269761756693e+01
-3.457520989276183343e+01
-2.609770243235888998e+01
-1.905670082709939095e+01
-1.184851966111195765e+01
-6.400588896439417752e+00
-3.071150448927270737e+00
-1.342743773465319146e+00
-7.005619687645147087e-01
-2.839398888553142375e-01
0.000000000000000000e+00
0.000000000000000000e+00
-5.661106818299112969e-02
0.000000000000000000e+00
0.000000000000000000e+00
0.000000000000000000e+00
-8.845479403592364015e-04
-1.742559442507693457e-01
-4.723486001518323318e-01
-1.302054568208795615e+00
-2.945544641396256491e+00
-5.504541832855522898e+00
-8.848133047413444530e+00
-1.456496638595518611e+01
-2.201020639995888217e+01
-2.546525065500205542e+01
-2.741037157585201811e+01
-2.777392077933967229e+01
-2.452497619440017829e+01
-1.869757436331353873e+01
-1.421291630569220032e+01
-1.091178339227152172e+01
-6.580152128332350969e+00
-3.246290941118397555e+00
-1.666488319636800997e+00
-6.147608185496692412e-01
-4.192757237302779383e-01
-1.185294240081376516e-01
0.000000000000000000e+00
0.000000000000000000e+00
0.000000000000000000e+00
0.000000000000000000e+00
0.000000000000000000e+00
0.000000000000000000e+00
0.000000000000000000e+00
0.000000000000000000e+00
0.000000000000000000e+00
-2.246751768512458558e-01
-6.731409826133788465e-01
-1.871703441800143919e+00
-3.823016198232618290e+00
-7.066653495529927831e+00
-1.093035889901904945e+01
-1.347697241931331469e+01
-1.403689126556071720e+01
-1.382813795163594150e+01
-1.127179440399774890e+01
-9.113497429521203230e+00
-7.908743134751924586e+00
-6.669491470308642533e+00
-3.621339267830711250e+00
-2.119376865100729646e+00
-1.107454021329762117e+00
-4.891550110186579370e-01
-3.095917791257323248e-01
-4.422739701796179514e-03
0.000000000000000000e+00
0.000000000000000000e+00
0.000000000000000000e+00
0.000000000000000000e+00
0.000000000000000000e+00
0.000000000000000000e+00
0.000000000000000000e+00
0.000000000000000000e+00
0.000000000000000000e+00
-1.503731498610700462e-02
-5.103841615872798387e-01
-1.160526897751318121e+00
-2.212254398838445990e+00
-4.298902990145881731e+00
-5.133916245845005832e+00
-5.975121337126629406e+00
-5.849515529595628038e+00
-5.975121337126634735e+00
-6.061807035281846723e+00
-4.823439918778909430e+00
-3.382511323933712788e+00
-2.907509079960806098e+00
-1.581571717362315166e+00
-8.695106253731288426e-01
-7.332902425578070593e-01
-2.848244367956746514e-01
0.000000000000000000e+00
0.000000000000000000e+00
0.000000000000000000e+00
0.000000000000000000e+00
0.000000000000000000e+00
0.000000000000000000e+00
0.000000000000000000e+00
0.000000000000000000e+00
0.000000000000000000e+00
0.000000000000000000e+00
0.000000000000000000e+00
0.000000000000000000e+00
-1.424122183978373257e-01
-2.229060809705275259e-01
-2.503270671216635823e-01
-3.998156690423746440e-01
-2.494425191813048892e-01
-9.287753373771967524e-02
-2.653643821077707465e-01
-5.209987368715895961e-01
-8.783561047767214358e-01
-8.544733103870217894e-01
-6.704873387923009354e-01
-4.705795042711137244e-01
-7.518657493053497454e-02
-2.653643821077709096e-03
0.000000000000000000e+00
0.000000000000000000e+00
0.000000000000000000e+00
0.000000000000000000e+00
0.000000000000000000e+00
0.000000000000000000e+00
0.000000000000000000e+00
0.000000000000000000e+00
