0.000000000000000000e+00
0.000000000000000000e+00
0.000000000000000000e+00
0.000000000000000000e+00
0.000000000000000000e+00
0.000000000000000000e+00
0.000000000000000000e+00
0.000000000000000000e+00
0.000000000000000000e+00
0.000000000000000000e+00
0.000000000000000000e+00
0.000000000000000000e+00
0.000000000000000000e+00
0.000000000000000000e+00
0.000000000000000000e+00
0.000000000000000000e+00
0.000000000000000000e+00
0.000000000000000000e+00
0.000000000000000000e+00
0.000000000000000000e+00
0.000000000000000000e+00
0.000000000000000000e+00
0.000000000000000000e+00
0.000000000000000000e+00
0.000000000000000000e+00
0.000000000000000000e+00
0.000000000000000000e+00
0.000000000000000000e+00
0.000000000000000000e+00
0.000000000000000000e+00
0.000000000000000000e+00
0.000000000000000000e+00
0.000000000000000000e+00
0.000000000000000000e+00
0.000000000000000000e+00
0.000000000000000000e+00
0.000000000000000000e+00
0.000000000000000000e+00
0.000000000000000000e+00
0.000000000000000000e+00
0.000000000000000000e+00
0.000000000000000000e+00
0.000000000000000000e+00
0.000000000000000000e+00
0.000000000000000000e+00
0.000000000000000000e+00
0.000000000000000000e+00
0.000000000000000000e+00
0.000000000000000000e+00
0.000000000000000000e+00
0.000000000000000000e+00
0.000000000000000000e+00
0.000000000000000000e+00
0.000000000000000000e+00
0.000000000000000000e+00
0.000000000000000000e+00
0.000000000000000000e+00
0.000000000000000000e+00
0.000000000000000000e+00
0.000000000000000000e+00
0.000000000000000000e+00
0.000000000000000000e+00
0.000000000000000000e+00
0.000000000000000000e+00
0.000000000000000000e+00
0.000000000000000000e+00
0.000000000000000000e+00
0.000000000000000000e+00
0.000000000000000000e+00
0.000000000000000000e+00
0.000000000000000000e+00
0.000000000000000000e+00
0.000000000000000000e+00
0.000000000000000000e+00
0.000000000000000000e+00
0.000000000000000000e+00
0.000000000000000000e+00
0.000000000000000000e+00
0.000000000000000000e+00
0.000000000000000000e+00
0.000000000000000000e+00
0.000000000000000000e+00
0.000000000000000000e+00
0.000000000000000000e+00
0.000000000000000000e+00
0.000000000000000000e+00
0.000000000000000000e+00
0.000000000000000000e+00
0.000000000000000000e+00
0.000000000000000000e+00
0.000000000000000000e+00
0.000000000000000000e+00
0.000000000000000000e+00
-7.072791485620692764e-02
-3.303409670342838944e-01
-3.844270195713835880e-01
-4.227033029053300917e-01
-1.235658277193728560e+00
-1.133310823931219069e+00
-9.735489456677887121e-01
-8.062982293607577899e-01
-7.305777558088183410e-01
-4.160465579776873590e-01
-3.428223637736142471e-01
-3.303409670342838944e-01
-2.745907282652730597e-02
0.000000000000000000e+00
0.000000000000000000e+00
0.000000000000000000e+00
0.000000000000000000e+00
0.000000000000000000e+00
0.000000000000000000e+00
0.000000000000000000e+00
0.000000000000000000e+00
0.000000000000000000e+00
0.000000000000000000e+00
-9.985117391464489248e-03
-6.157489058069773313e-02
-1.863888579740038409e-01
-4.950954039934478135e-01
-1.170755014149212681e+00
-1.710783446404249508e+00
-3.315891067082170629e+00
-5.019185675442817463e+00
-6.670890510614235325e+00
-9.678907124792907268e+00
-1.245476975962004573e+01
-1.234410137519798667e+01
-1.018232345994591270e+01
-1.043361558096446196e+01
-8.307617669698432294e+00
-5.521769917479876000e+00
-3.624597613101610438e+00
-2.527898886272428758e+00
-1.537708078285534352e+00
-4.817819141381616266e-01
-2.504600279025677168e-01
-1.073400119582431783e-01
-6.656744927642997169e-03
0.000000000000000000e+00
0.000000000000000000e+00
0.000000000000000000e+00
0.000000000000000000e+00
0.000000000000000000e+00
-1.680828094229853964e-01
-4.518265619637680808e-01
-9.985117391464497505e-01
-1.909653701117584479e+00
-3.406589216721302105e+00
-6.106731377996499788e+00
-9.951001573710318127e+00
-1.376614851036571352e+01
-1.867383370827052147e+01
-2.365141472791555444e+01
-2.797081009283991548e+01
-2.908165440264035340e+01
-2.718365000514613783e+01
-2.480968834532544776e+01
-2.051442368076381939e+01
-1.387848108101969125e+01
-9.808713650881969670e+00
-7.045332412794146570e+00
-4.648072145726717785e+00
-2.486294230474657141e+00
-1.172419200381123350e+00
-6.190772782707978372e-01
-1.630902507272534163e-01
0.000000000000000000e+00
0.000000000000000000e+00
0.000000000000000000e+00
0.000000000000000000e+00
-1.264781536252167493e-01
-5.375321529071721560e-01
-1.342166196036019388e+00
-2.893187764176839760e+00
-5.426911302260955416e+00
-8.271837665712372001e+00
-1.296983539839641608e+01
-1.780845686767690594e+01
-2.414651013190900031e+01
-3.158625468166604833e+01
-3.876222571366514558e+01
-4.538069435797419970e+01
-4.731031829387482901e+01
-4.432476819382690536e+01
-4.028662030209543587e+01
-3.379462981141161748e+01
-2.470318042648316137e+01
-1.730254425317605538e+01
-1.149120593134372115e+01
-7.958970654113156407e+00
-4.846942400440053866e+00
-2.484630044242745139e+00
-1.018481973929378004e+00
-2.512921210185227183e-01
0.000000000000000000e+00
0.000000000000000000e+00
0.000000000000000000e+00
-6.739954239238533928e-02
-6.656744927642993526e-01
-1.718272284447847742e+00
-3.207718962007970021e+00
-6.411277458436162924e+00
-9.231241028408900817e+00
-1.301560051977398125e+01
-1.950925519668969343e+01
-2.697729091238924326e+01
-3.504526576469260846e+01
-4.138415112204059909e+01
-5.001628510696166785e+01
-5.783796039694225755e+01
-6.215985204121445662e+01
-5.953126988791134977e+01
-5.435648279978496333e+01
-4.448203379274245606e+01
-3.327207533459164068e+01
-2.324535328732937600e+01
-1.544448032524771364e+01
-9.277838242902435084e+00
-5.678203423279478024e+00
-2.996367310555304808e+00
-1.359640151471084302e+00
-4.601474931233213717e-01
0.000000000000000000e+00
0.000000000000000000e+00
-1.514409471038782318e-01
-4.551549344275899189e-01
-1.307218285165892668e+00
-2.645224015622136271e+00
-5.432735954072644091e+00
-8.687884223690071295e+00
-1.308799262086208337e+01
-1.867632998761837726e+01
-2.598127545259060867e+01
-3.316556741574930101e+01
-4.028578820897945434e+01
-4.611792885871071235e+01
-5.370079342441209747e+01
-6.080021188974341584e+01
-6.500893887024585638e+01
-6.378492989667532953e+01
-5.992068946617855119e+01
-5.226044024069324934e+01
-3.859414290424222571e+01
-2.730097513449588575e+01
-1.711449120897014708e+01
-9.960154597985829028e+00
-5.983581596835101379e+00
-3.422398985924456571e+00
-1.614260644953426693e+00
-2.221688619600851178e-01
0.000000000000000000e+00
0.000000000000000000e+00
-2.121837445686205192e-01
-7.339061282726400126e-01
-1.946265798219619647e+00
-3.241002686646180297e+00
-5.605811322191356361e+00
-9.635638282763233420e+00
-1.530052821618743408e+01
-2.242074900941759452e+01
-2.968825028417181855e+01
-3.683343387088060439e+01
-4.151146136878175241e+01
-4.410925607679447324e+01
-4.731697503880250366e+01
-5.294192450266079675e+01
-5.608640438785621996e+01
-5.765323572520012618e+01
-5.697757611504440689e+01
-5.036742840189486259e+01
-3.787687863828868018e+01
-2.650133365006272967e+01
-1.682325861838573644e+01
-8.035523220781035647e+00
-4.268637684851074532e+00
-2.871553343162001060e+00
-1.276430839875546175e+00
-1.048437326103771328e-01
-1.048437326103771328e-01
0.000000000000000000e+00
-3.328372463821496763e-01
-6.465363510973262118e-01
-1.550189475024862595e+00
-3.290096180487549926e+00
-5.611635974003042371e+00
-1.014654345595984886e+01
-1.566248872162802286e+01
-2.365723937972727953e+01
-3.105537927368648710e+01
-3.702731156689821290e+01
-3.795925585676822323e+01
-3.584740352847354217e+01
-3.885542014265223543e+01
-4.614455583842127595e+01
-4.988231811529291093e+01
-5.183524065844016349e+01
-5.133348850951916376e+01
-4.456607519745397639e+01
-3.400764564909614052e+01
-2.264291787137770484e+01
-1.280008840274151360e+01
-6.214903483070691514e+00
-2.657705412361465847e+00
-1.169922921033256902e+00
-3.461507362374358632e-01
-4.410093514563487999e-02
-4.410093514563487999e-02
0.000000000000000000e+00
-3.261805014545068326e-01
-4.925991246455819206e-01
-1.095866633713227678e+00
-2.189236988078589352e+00
-4.220376284125661570e+00
-8.329252090713291423e+00
-1.583389990351482979e+01
-2.479055020365846573e+01
-3.274119992661210432e+01
-3.635997288790203896e+01
-3.499617227085112603e+01
-3.191742774181624753e+01
-3.534398719332057937e+01
-4.687513359423014236e+01
-5.250923608236410445e+01
-5.018436791638466588e+01
-4.685516335944722499e+01
-4.076757012311756512e+01
-3.025324150990554273e+01
-1.989118593691322445e+01
-9.333588481671435844e+00
-4.084745106224936251e+00
-1.597618782634319556e+00
-4.651400518190537126e-01
-9.485861521891265913e-02
0.000000000000000000e+00
0.000000000000000000e+00
0.000000000000000000e+00
-9.569070833486811867e-02
-2.496279347866124376e-01
-4.102219061659996280e-01
-1.292240609078695979e+00
-3.205222682660101796e+00
-7.929847395054715697e+00
-1.624745018214465375e+01
-2.599126056998207801e+01
-3.392194005815277080e+01
-3.641988359225077687e+01
-3.610202402195589144e+01
-3.476152201215177939e+01
-4.323472621192539123e+01
-5.597157553785429940e+01
-5.975260665675560290e+01
-5.410186230630268511e+01
-4.940719294608238243e+01
-4.274628755285951343e+01
-2.901591904647989395e+01
-1.557927941003248407e+01
-7.135198469317327152e+00
-3.250155710921691199e+00
-1.016817787697469111e+00
-1.930456029016471842e-01
0.000000000000000000e+00
0.000000000000000000e+00
0.000000000000000000e+00
0.000000000000000000e+00
0.000000000000000000e+00
-1.497767608719672953e-02
-2.521242141344784415e-01
-1.293904795310605982e+00
-3.720288321436477474e+00
-7.786727379110402580e+00
-1.596453852271982576e+01
-2.623007129426129680e+01
-3.369477863749695246e+01
-3.434048289547838806e+01
-3.619022589224713471e+01
-3.826047356474418137e+01
-5.147577643234733813e+01
-6.293536282528489068e+01
-6.413274481914451997e+01
-5.765989247012775110e+01
-5.361924829904850043e+01
-4.504286455289641822e+01
-2.916153534177205842e+01
-1.518070680748988011e+01
-6.169970454809103444e+00
-2.273278392790084812e+00
-8.920038203041613656e-01
-1.664186231910748381e-01
0.000000000000000000e+00
0.000000000000000000e+00
0.000000000000000000e+00
0.000000000000000000e+00
0.000000000000000000e+00
-1.048437326103771328e-01
-3.320051532661942861e-01
-1.013489415233647550e+00
-2.743411003304866647e+00
-6.624293296120737473e+00
-1.374451408935088814e+01
-2.361979518950925439e+01
-3.058191829070788970e+01
-3.071754946860860258e+01
-3.230102266827176294e+01
-3.797340143973949012e+01
-5.325895197983978591e+01
-6.181702967744080723e+01
-6.417018900936244563e+01
-5.723386079475864108e+01
-5.430655721282762727e+01
-4.481403894600870785e+01
-2.874798506314222379e+01
-1.564251848684508239e+01
-6.353030940319285946e+00
-2.168434660179700657e+00
-1.004336390958138203e+00
-3.777702746437404668e-01
0.000000000000000000e+00
0.000000000000000000e+00
0.000000000000000000e+00
0.000000000000000000e+00
0.000000000000000000e+00
-1.181572224656632641e-01
-2.271614206558170701e-01
-4.834461003700723514e-01
-1.556014126836548384e+00
-4.079752547529196249e+00
-9.687228055952468608e+00
-1.767282568977621793e+01
-2.377539660219287043e+01
-2.615102244824551647e+01
-2.852498410806622431e+01
-3.473406293932517030e+01
-4.901860546093124782e+01
-5.641341698242658254e+01
-5.906779402232423593e+01
-5.486822006609749991e+01
-5.126692106024263751e+01
-4.110040736949982687e+01
-2.880207111567935385e+01
-1.568495523575882622e+01
-7.839149245415586442e+00
-2.689324950767766342e+00
-8.712014924052768894e-01
-1.930456029016471842e-01
0.000000000000000000e+00
0.000000000000000000e+00
0.000000000000000000e+00
0.000000000000000000e+00
0.000000000000000000e+00
-1.065079188422879547e-01
-2.671018902216756863e-01
-4.601474931233213161e-01
-1.489446677560117616e+00
-2.740914723957002863e+00
-5.611635974003040594e+00
-1.107183100090221117e+01
-1.484121281618003785e+01
-1.750391078723725968e+01
-2.270366066884237810e+01
-2.978893355120239050e+01
-4.320976341844666280e+01
-5.038407026421398172e+01
-5.111880848560251422e+01
-4.939720782869092375e+01
-4.517100689275351044e+01
-3.670113106544372528e+01
-2.564510983374465880e+01
-1.562088406583026590e+01
-9.083960546884821241e+00
-3.570511560564514131e+00
-1.114172682264245040e+00
-1.372953641326367380e-01
0.000000000000000000e+00
0.000000000000000000e+00
0.000000000000000000e+00
0.000000000000000000e+00
0.000000000000000000e+00
-1.456162952921904730e-01
-4.509944688478129682e-01
-1.238986649657552785e+00
-2.596962614896718868e+00
-3.754404139190647971e+00
-4.494967012390936212e+00
-6.786551453732038830e+00
-9.797896440374524119e+00
-1.262035628969515955e+01
-1.665850418142659350e+01
-2.577907682541345480e+01
-3.784609119299832258e+01
-4.667043868770510073e+01
-4.836291608555834642e+01
-4.528500364963949210e+01
-3.879301315895555291e+01
-3.255564316175400563e+01
-2.295495278986092913e+01
-1.506005330567631795e+01
-9.557421529863425746e+00
-4.389291186664605604e+00
-1.472804815241014698e+00
-4.385130721084822825e-01
-1.073400119582431783e-01
0.000000000000000000e+00
0.000000000000000000e+00
0.000000000000000000e+00
0.000000000000000000e+00
-3.087065460194438060e-01
-6.989582174025142924e-01
-1.793992757999786303e+00
-3.587153422883618603e+00
-6.054309511691305268e+00
-7.234217550116028406e+00
-7.868272504474016493e+00
-8.692044689269824431e+00
-1.079973655198481097e+01
-1.547526777053804992e+01
-2.510008884279389818e+01
-3.682760921906892548e+01
-4.517433526521737264e+01
-4.745343830981905597e+01
-4.273380615612011724e+01
-3.563438769078890545e+01
-2.881538460553464631e+01
-2.110354560686020164e+01
-1.461987604733594814e+01
-8.697037247965573314e+00
-4.195413490646991761e+00
-1.340502009804107386e+00
-4.776214485583848424e-01
-1.040116394944218398e-01
0.000000000000000000e+00
0.000000000000000000e+00
0.000000000000000000e+00
0.000000000000000000e+00
-4.343526065287058868e-01
-1.025970811972976682e+00
-2.809978452581299191e+00
-4.564862834131186098e+00
-8.478196758469321637e+00
-1.058006396937258664e+01
-1.207866367120820250e+01
-1.315788844260233148e+01
-1.520650169408445862e+01
-2.037047157170355405e+01
-3.000694194758273525e+01
-4.095978363290335267e+01
-4.787530951960841463e+01
-4.620113817030622982e+01
-4.111704923181892468e+01
-3.498202668787993730e+01
-2.867226458959031987e+01
-1.991781291662382003e+01
-1.366796152268298492e+01
-7.255019878014913992e+00
-3.381626423242640733e+00
-1.019314067045333783e+00
-3.478149224693464214e-01
-4.659721449350096023e-02
0.000000000000000000e+00
0.000000000000000000e+00
0.000000000000000000e+00
0.000000000000000000e+00
-1.506088539879225918e-01
-9.103098688551798379e-01
-3.144479885195361035e+00
-6.232377438505753986e+00
-1.024889090922234480e+01
-1.377946200022100065e+01
-1.802147270536153556e+01
-2.066336834851983184e+01
-2.358817565110295078e+01
-2.847755480045673337e+01
-3.601715052412848195e+01
-4.661968100763186129e+01
-5.063203401276866344e+01
-4.727120991742484790e+01
-4.216382237169079161e+01
-3.668448920312462747e+01
-2.750650213413683787e+01
-1.805142805753590096e+01
-1.162101245743277289e+01
-5.605811322191355472e+00
-2.444689574676890409e+00
-8.246042779117755961e-01
-2.163442101483969982e-01
0.000000000000000000e+00
0.000000000000000000e+00
0.000000000000000000e+00
0.000000000000000000e+00
0.000000000000000000e+00
-3.661209710203646578e-02
-8.212759054479535914e-01
-2.833277059828045896e+00
-6.338053264232094364e+00
-1.080972166937626255e+01
-1.625660320642016643e+01
-2.308808768841376136e+01
-2.917152045916351000e+01
-3.320633997843117413e+01
-4.008109330245449797e+01
-4.417665561918678918e+01
-5.180362112003376041e+01
-5.410935114434616366e+01
-5.035161863269169658e+01
-4.316649457641701559e+01
-3.346096047191346656e+01
-2.281765742572827449e+01
-1.477797373936746439e+01
-8.010560427302378272e+00
-3.419070613460630348e+00
-1.570159709807794179e+00
-6.714991445759871391e-01
-1.248139673933062153e-02
0.000000000000000000e+00
0.000000000000000000e+00
0.000000000000000000e+00
0.000000000000000000e+00
0.000000000000000000e+00
-1.214855949294848386e-01
-3.486470155853015340e-01
-1.609268086257694241e+00
-4.181267907675752404e+00
-8.622980960645559634e+00
-1.472139140748248742e+01
-2.258300716702885680e+01
-3.105205090122272438e+01
-3.795925585676820191e+01
-4.483484127390758545e+01
-5.061622424356551875e+01
-5.617959881684312506e+01
-5.558382014581910369e+01
-4.834710631635516620e+01
-3.821554053648245031e+01
-2.635072479607476481e+01
-1.639889112924852554e+01
-9.514984780949708565e+00
-4.409261421447528306e+00
-1.907989514885675586e+00
-9.860303424071190648e-01
-1.056758257263325229e-01
0.000000000000000000e+00
0.000000000000000000e+00
0.000000000000000000e+00
0.000000000000000000e+00
0.000000000000000000e+00
0.000000000000000000e+00
-6.157489058069774007e-02
-4.576512137754557008e-01
-9.635638282763229201e-01
-2.433872364169471503e+00
-4.846110307324101640e+00
-1.070571002988184262e+01
-1.734664518832170899e+01
-2.483714741815200355e+01
-3.240337012153425178e+01
-4.113785155971781649e+01
-4.726538526561318321e+01
-4.711394431850929720e+01
-4.302087828112482981e+01
-3.594975098173604522e+01
-2.605283546056277544e+01
-1.766200847926880257e+01
-1.031878673096259647e+01
-5.376985715303623792e+00
-2.948938002945846293e+00
-1.155777338062014437e+00
-2.271614206558170701e-01
-1.065079188422879547e-01
-6.656744927642997169e-03
0.000000000000000000e+00
0.000000000000000000e+00
0.000000000000000000e+00
0.000000000000000000e+00
0.000000000000000000e+00
0.000000000000000000e+00
-2.230009550760402859e-01
-4.601474931233213161e-01
-1.169922921033256902e+00
-2.725104954753849729e+00
-5.659897374728457997e+00
-9.176322882755872712e+00
-1.381024944551133871e+01
-1.894093559849216746e+01
-2.442858969821790183e+01
-2.765544680189284321e+01
-2.796914590660801636e+01
-2.459001576271322875e+01
-1.941522867458675350e+01
-1.485951886473110051e+01
-1.059420955234383577e+01
-6.010208576545669423e+00
-3.561358536288999233e+00
-1.612596458721515358e+00
-4.776214485583848424e-01
-1.364632710166812368e-01
-2.105195583367096557e-01
-9.236233587104647480e-02
0.000000000000000000e+00
0.000000000000000000e+00
0.000000000000000000e+00
0.000000000000000000e+00
0.000000000000000000e+00
0.000000000000000000e+00
0.000000000000000000e+00
0.000000000000000000e+00
-8.154512536362670816e-02
-8.013056706650254490e-01
-2.975564982656417445e+00
-4.980077298992915402e+00
-7.495494788526020358e+00
-1.054844443096628126e+01
-1.206784646070078892e+01
-1.261536373099944441e+01
-1.440769230276731783e+01
-1.228335857773324946e+01
-1.032128301031046114e+01
-8.419950240352431337e+00
-5.555053642118084944e+00
-4.083913013108975143e+00
-2.601123080476501759e+00
-1.280591305455320184e+00
-2.413070036270588137e-01
-1.164930362337524006e-02
-1.597618782634318280e-01
-1.206535018135294068e-01
0.000000000000000000e+00
0.000000000000000000e+00
0.000000000000000000e+00
0.000000000000000000e+00
0.000000000000000000e+00
0.000000000000000000e+00
0.000000000000000000e+00
0.000000000000000000e+00
-1.772358336984943272e-01
-4.168786510936425826e-01
-1.314707123209493567e+00
-2.825788221784452769e+00
-3.319219439545987083e+00
-3.263469200776983214e+00
-3.316723160198121967e+00
-4.615620514204450409e+00
-6.142511381982578733e+00
-5.411101533057806279e+00
-4.227865122169254697e+00
-3.194405472152683778e+00
-2.485462137358708024e+00
-1.404573179732670374e+00
-8.254363710277310417e-01
-4.509944688478129682e-01
-5.158977318923319011e-02
0.000000000000000000e+00
0.000000000000000000e+00
0.000000000000000000e+00
0.000000000000000000e+00
0.000000000000000000e+00
0.000000000000000000e+00
0.000000000000000000e+00
0.000000000000000000e+00
0.000000000000000000e+00
0.000000000000000000e+00
0.000000000000000000e+00
0.000000000000000000e+00
-4.742930760945632956e-02
-2.096874652207542655e-01
-2.904004974684257223e-01
-4.576512137754557008e-01
-6.789879826195858170e-01
-4.268637684851073755e-01
-2.937288699322472829e-01
-3.311730601502391180e-01
-6.473684442132811023e-01
-5.683195981975212030e-01
-5.233865699359305790e-01
-1.772358336984943272e-01
0.000000000000000000e+00
0.000000000000000000e+00
0.000000000000000000e+00
0.000000000000000000e+00
0.000000000000000000e+00
0.000000000000000000e+00
0.000000000000000000e+00
0.000000000000000000e+00
0.000000000000000000e+00
0.000000000000000000e+00
