0.000000000000000000e+00
0.000000000000000000e+00
0.000000000000000000e+00
0.000000000000000000e+00
0.000000000000000000e+00
0.000000000000000000e+00
0.000000000000000000e+00
0.000000000000000000e+00
0.000000000000000000e+00
0.000000000000000000e+00
0.000000000000000000e+00
0.000000000000000000e+00
0.000000000000000000e+00
0.000000000000000000e+00
0.000000000000000000e+00
0.000000000000000000e+00
0.000000000000000000e+00
0.000000000000000000e+00
0.000000000000000000e+00
0.000000000000000000e+00
0.000000000000000000e+00
0.000000000000000000e+00
0.000000000000000000e+00
0.000000000000000000e+00
0.000000000000000000e+00
0.000000000000000000e+00
0.000000000000000000e+00
0.000000000000000000e+00
0.000000000000000000e+00
0.000000000000000000e+00
0.000000000000000000e+00
0.000000000000000000e+00
0.000000000000000000e+00
0.000000000000000000e+00
0.000000000000000000e+00
0.000000000000000000e+00
0.000000000000000000e+00
0.000000000000000000e+00
0.000000000000000000e+00
0.000000000000000000e+00
0.000000000000000000e+00
0.000000000000000000e+00
0.000000000000000000e+00
0.000000000000000000e+00
0.000000000000000000e+00
0.000000000000000000e+00
0.000000000000000000e+00
0.000000000000000000e+00
0.000000000000000000e+00
0.000000000000000000e+00
0.000000000000000000e+00
0.000000000000000000e+00
0.000000000000000000e+00
0.000000000000000000e+00
0.000000000000000000e+00
0.000000000000000000e+00
0.000000000000000000e+00
0.000000000000000000e+00
0.000000000000000000e+00
0.000000000000000000e+00
0.000000000000000000e+00
0.000000000000000000e+00
0.000000000000000000e+00
0.000000000000000000e+00
0.000000000000000000e+00
0.000000000000000000e+00
0.000000000000000000e+00
0.000000000000000000e+00
0.000000000000000000e+00
0.000000000000000000e+00
-1.841049401097008195e-02
-6.323604464637544442e-02
-1.232702642473649107e-01
-1.456830395650675347e-01
-2.033158903820173891e-01
-2.033158903820173891e-01
-2.033158903820173891e-01
-1.424812145196814039e-01
-8.004562613465240895e-02
-4.882783194213805716e-02
0.000000000000000000e+00
0.000000000000000000e+00
0.000000000000000000e+00
0.000000000000000000e+00
0.000000000000000000e+00
0.000000000000000000e+00
0.000000000000000000e+00
0.000000000000000000e+00
0.000000000000000000e+00
0.000000000000000000e+00
0.000000000000000000e+00
0.000000000000000000e+00
0.000000000000000000e+00
-4.242418185136586500e-02
-1.248711767700579067e-01
-2.409373346653042591e-01
-3.874208304917185486e-01
-3.249852421066895536e-01
-4.026294994573025310e-01
-7.172088101664868542e-01
-9.693525324906430152e-01
-1.030987664614323673e+00
-1.072611390204344373e+00
-1.057402721238759558e+00
-6.611768718722295102e-01
-2.465405284947298215e-01
-3.121779419251447668e-02
-3.201825045386098162e-02
0.000000000000000000e+00
0.000000000000000000e+00
0.000000000000000000e+00
0.000000000000000000e+00
0.000000000000000000e+00
0.000000000000000000e+00
0.000000000000000000e+00
0.000000000000000000e+00
0.000000000000000000e+00
-1.024584014523552827e-01
-3.025724667889861386e-01
-6.843901034512790416e-01
-8.196672116188422619e-01
-1.653742635941920947e+00
-2.467006197469989282e+00
-3.984671268983002612e+00
-6.260368419991176658e+00
-7.825260410923636556e+00
-1.001450828570637697e+01
-9.865623421095914836e+00
-9.123600466827703315e+00
-8.782606099494072893e+00
-7.821258129616893484e+00
-6.203536025435584023e+00
-4.270434154283708317e+00
-2.448595703459025330e+00
-1.082216865340503542e+00
-4.426523125246286661e-01
-9.685520762292963715e-02
0.000000000000000000e+00
0.000000000000000000e+00
0.000000000000000000e+00
0.000000000000000000e+00
0.000000000000000000e+00
0.000000000000000000e+00
0.000000000000000000e+00
-1.440821270423744693e-01
-4.050308682413416572e-01
-6.507709404747248350e-01
-1.251113136484619082e+00
-2.526239960809637530e+00
-5.993016028701441122e+00
-9.770369125995676640e+00
-1.377184997646698683e+01
-1.761243911840762522e+01
-2.291466139356699827e+01
-2.583952857252717195e+01
-2.682008749267670566e+01
-2.605645221935209221e+01
-2.333810275581932103e+01
-1.871066510897502866e+01
-1.365098108100366758e+01
-8.889066782253152610e+00
-5.591987441766833378e+00
-3.858199179690253722e+00
-2.216463387668525797e+00
-1.000570326683156708e+00
-2.897651666074418375e-01
-1.584903397466117247e-01
0.000000000000000000e+00
0.000000000000000000e+00
0.000000000000000000e+00
0.000000000000000000e+00
0.000000000000000000e+00
-8.781005186971383436e-01
-1.672153129952891781e+00
-2.372552358631099700e+00
-3.963859406187994594e+00
-7.502676537600983409e+00
-1.215172650350158001e+01
-1.822158633329232913e+01
-2.388081210101227825e+01
-3.083357518706813849e+01
-3.863242054136743775e+01
-4.539787686226822672e+01
-4.912480121509769049e+01
-4.609827609094647727e+01
-4.081126248475262486e+01
-3.387450852392355927e+01
-2.540408036635468036e+01
-1.694405814018326950e+01
-1.043955056048138452e+01
-6.783866814911806209e+00
-4.703480991672182476e+00
-2.300511295109910037e+00
-8.941096439240678873e-01
-2.505428098014620963e-01
0.000000000000000000e+00
0.000000000000000000e+00
0.000000000000000000e+00
-4.242418185136586500e-02
-2.953683604368675386e-01
-1.640134879499030029e+00
-3.337102153553664241e+00
-4.995647527063663773e+00
-8.060594551759498572e+00
-1.240547113834844772e+01
-1.852015651877456293e+01
-2.714427227852203472e+01
-3.483345512501679053e+01
-4.187747022486627912e+01
-5.059764073597531109e+01
-5.966120698320192872e+01
-6.526279990010507959e+01
-6.375313939120550799e+01
-5.814034008664365416e+01
-4.729896048296619426e+01
-3.574357389416775987e+01
-2.472449300047149379e+01
-1.504297451948524333e+01
-8.902674538696041751e+00
-6.631780125255966496e+00
-3.468376980414491939e+00
-1.183074354270162720e+00
-7.684380108926647246e-01
-5.843330707829632459e-02
0.000000000000000000e+00
0.000000000000000000e+00
-9.765566388427611433e-02
-5.355052388408254593e-01
-2.190048331044093022e+00
-4.617832171708093902e+00
-7.645157752120661065e+00
-1.191078916883629191e+01
-1.767487470679261108e+01
-2.538326850355967679e+01
-3.400338198200034867e+01
-4.347117864120713193e+01
-5.076573655085810799e+01
-5.720460671712957890e+01
-6.259567963729843854e+01
-6.806919955238578268e+01
-6.821007985438286880e+01
-6.229230671424806332e+01
-5.352090700241286925e+01
-4.091452134246627992e+01
-2.800156093442416960e+01
-1.659746057902019700e+01
-8.451217207296625844e+00
-5.452708052292532415e+00
-3.460372417801027556e+00
-1.187877091838243526e+00
-1.905085902004732823e-01
0.000000000000000000e+00
0.000000000000000000e+00
0.000000000000000000e+00
-5.603193829425676120e-02
-6.235554275889432230e-01
-2.711945813442025344e+00
-5.141330566628729670e+00
-9.365338257754343587e+00
-1.527750820405976029e+01
-2.177080939610274157e+01
-3.091041898815740652e+01
-4.058233199400748248e+01
-4.815064594503894568e+01
-4.892228578097695646e+01
-5.015899070475732913e+01
-5.305984419587718293e+01
-5.729425781840036791e+01
-5.733027835016095253e+01
-5.535635320968043516e+01
-4.980598949350360272e+01
-3.981709580816028193e+01
-2.456360129194083086e+01
-1.346767659715527365e+01
-6.018630629064528392e+00
-2.602283305637554722e+00
-1.601712978954397570e+00
-4.314459248657771528e-01
-9.445383883888999743e-02
0.000000000000000000e+00
0.000000000000000000e+00
0.000000000000000000e+00
0.000000000000000000e+00
-4.754710192398360347e-01
-2.321323157904922496e+00
-5.695246299480528407e+00
-9.110793166646161012e+00
-1.572496325415249530e+01
-2.303232846398496392e+01
-3.086479298126065274e+01
-4.088410400453515336e+01
-4.308615917949943963e+01
-3.974505474463907007e+01
-3.748296535007379049e+01
-4.309736556715830602e+01
-4.840759240493117943e+01
-4.904955832653110548e+01
-4.904155376391773302e+01
-4.455659733159306768e+01
-3.639514529090389772e+01
-1.949751361387865956e+01
-9.637493386612158375e+00
-3.501195687129700307e+00
-8.628918497315543057e-01
-4.818746693306084627e-01
-3.586044050832434271e-01
-1.656944460987308521e-01
0.000000000000000000e+00
0.000000000000000000e+00
0.000000000000000000e+00
-1.368780206902558139e-01
-5.443102577156364585e-01
-2.194050612350824103e+00
-5.287814062455135300e+00
-8.796213855936976245e+00
-1.430735521530777987e+01
-2.219024847704839232e+01
-3.144752513952095541e+01
-3.774151272248871436e+01
-3.555226484770597040e+01
-3.123220240521872526e+01
-3.452688037692109191e+01
-4.355682746117119564e+01
-4.891588213088630965e+01
-4.857008502598449695e+01
-4.746625584158763189e+01
-4.275477028730198725e+01
-3.278668846475365939e+01
-1.679117099426604298e+01
-6.896731147761659741e+00
-2.201254718702944757e+00
-3.025724667889861386e-01
-1.600912522693049081e-02
-8.004562613465256464e-04
-5.603193829425678549e-03
0.000000000000000000e+00
0.000000000000000000e+00
0.000000000000000000e+00
-6.203536025435570922e-01
-1.038992227227790721e+00
-2.045966204001720357e+00
-4.412114912542044465e+00
-8.443212644683157464e+00
-1.473960159643491785e+01
-2.304113348285970631e+01
-3.006993991374354636e+01
-3.352631005023785349e+01
-3.129143616855838772e+01
-3.148674749632695224e+01
-4.130354308548076148e+01
-5.184875387245990908e+01
-5.580460871603445128e+01
-5.382508038172444031e+01
-5.012216971673549892e+01
-4.291486153957131933e+01
-2.791671257072139056e+01
-1.325155340659171799e+01
-5.359054669714976349e+00
-1.187076635576894024e+00
-2.369350533585716234e-01
0.000000000000000000e+00
0.000000000000000000e+00
0.000000000000000000e+00
0.000000000000000000e+00
0.000000000000000000e+00
0.000000000000000000e+00
-5.411084326702517711e-01
-8.716968686063660821e-01
-1.970723315435145118e+00
-4.261629135408895763e+00
-8.068599114372979386e+00
-1.456109985015463160e+01
-2.342695340082876498e+01
-2.786468291373389761e+01
-2.956084973152718831e+01
-3.000190113152913440e+01
-3.434037406802730175e+01
-4.703641082924458772e+01
-5.692444702565825310e+01
-6.299350639918760919e+01
-5.915531862603100421e+01
-5.406601771638986520e+01
-4.285002458240219880e+01
-2.501185679829488251e+01
-1.145372864360743570e+01
-4.335271111452772885e+00
-1.302342337210795842e+00
-5.523148203291025071e-01
-2.041163466433641993e-01
0.000000000000000000e+00
0.000000000000000000e+00
0.000000000000000000e+00
0.000000000000000000e+00
0.000000000000000000e+00
-1.961117840298985948e-01
-6.571745905654969855e-01
-1.954714190208213020e+00
-3.520406637402016425e+00
-6.402049178249510142e+00
-1.247831265813098867e+01
-2.054691177250391831e+01
-2.462443596780314437e+01
-2.688412399358437099e+01
-2.869795788179560958e+01
-3.457090547129512004e+01
-4.782486024667085900e+01
-5.816435377448404864e+01
-6.598080916653287886e+01
-6.147183904636781193e+01
-5.498894378572231290e+01
-4.270674291162120539e+01
-2.463964463676875383e+01
-1.106470690059301099e+01
-4.825150343396844121e+00
-2.207658368793719461e+00
-8.644927622542476486e-01
-1.777012900189283984e-01
0.000000000000000000e+00
0.000000000000000000e+00
0.000000000000000000e+00
0.000000000000000000e+00
0.000000000000000000e+00
0.000000000000000000e+00
-1.288734580767904592e-01
-1.460832676957408927e+00
-3.007314173878889996e+00
-5.210169805104533758e+00
-9.719139925269512759e+00
-1.662707746069002823e+01
-2.059573960444613050e+01
-2.393044038921571115e+01
-2.748686755837833218e+01
-3.381047202301584065e+01
-4.548672750727769909e+01
-5.585903974180600784e+01
-6.202735569174241448e+01
-5.683559638064887309e+01
-5.425652630659019593e+01
-4.053030233701995400e+01
-2.444433330900021772e+01
-1.276167417464766984e+01
-5.896160821078500369e+00
-2.964089535766184724e+00
-1.283931843199827671e+00
-1.913090464618195374e-01
0.000000000000000000e+00
0.000000000000000000e+00
0.000000000000000000e+00
0.000000000000000000e+00
0.000000000000000000e+00
0.000000000000000000e+00
-1.200684392019788632e-02
-9.181233317644663661e-01
-2.593478286762742169e+00
-4.436128600382445164e+00
-7.859680030161538156e+00
-1.229901045558937689e+01
-1.505818318845083859e+01
-1.769968885089438615e+01
-2.210700102586833538e+01
-3.024443937871711441e+01
-4.321103035626951794e+01
-5.285492739297247766e+01
-5.589185844852119800e+01
-5.135327144668641353e+01
-4.778964017117158392e+01
-3.521527276167906706e+01
-2.270174002804880331e+01
-1.369340526285502158e+01
-6.680607957198099633e+00
-3.341104434860398431e+00
-1.544880584398792500e+00
-3.882212867530654421e-01
0.000000000000000000e+00
0.000000000000000000e+00
0.000000000000000000e+00
0.000000000000000000e+00
0.000000000000000000e+00
0.000000000000000000e+00
-1.616921647919978555e-01
-8.973114689694546842e-01
-2.655913875147771108e+00
-5.010055739767897087e+00
-6.490899823258973633e+00
-8.087009608383949555e+00
-1.077414127772421359e+01
-1.244389303889309772e+01
-1.704251426032887196e+01
-2.527920918958461982e+01
-3.908147650398274209e+01
-4.944578417589771391e+01
-5.010696104776984328e+01
-4.779284199621699969e+01
-4.172378262268768623e+01
-3.066868119723079644e+01
-2.070300074346654640e+01
-1.249992497718734619e+01
-6.182724162640560905e+00
-3.049738355730262196e+00
-1.778613812711978159e+00
-6.515713967360712289e-01
-3.201825045386102585e-03
0.000000000000000000e+00
0.000000000000000000e+00
0.000000000000000000e+00
0.000000000000000000e+00
0.000000000000000000e+00
-1.104629640658206652e-01
-9.429374758662077971e-01
-3.478782911811995504e+00
-5.853736639227140159e+00
-7.521087031611944695e+00
-9.175630123815208705e+00
-8.671342679166903267e+00
-1.018580592563452392e+01
-1.592507731948912841e+01
-2.535525253441254634e+01
-4.015008561288046707e+01
-4.961868272834855276e+01
-4.803057750583692354e+01
-4.428204083395119994e+01
-3.616461388763605100e+01
-2.765096109195437535e+01
-1.978407695544075295e+01
-1.140169898661991077e+01
-5.760883712910948695e+00
-3.060944743389113487e+00
-1.843450769881045170e+00
-6.755850845764671542e-01
-6.563741343041497311e-02
0.000000000000000000e+00
0.000000000000000000e+00
0.000000000000000000e+00
0.000000000000000000e+00
-1.408803019969883941e-01
-2.401368784039575877e-01
-1.480043627229725045e+00
-5.229380755376845435e+00
-7.334580722718202495e+00
-9.373342820367801309e+00
-1.141690765558547760e+01
-1.195961700077842416e+01
-1.410403932492578427e+01
-1.917973247812408033e+01
-3.069509625385521190e+01
-4.318781712469046852e+01
-5.045836134650105009e+01
-4.806579758133624836e+01
-4.146523525027275525e+01
-3.432596585532293432e+01
-2.745164748287909617e+01
-1.878030480371216626e+01
-1.026985383307590638e+01
-5.070890415630236348e+00
-2.728755394930304945e+00
-1.585703853727465917e+00
-4.498564188767474326e-01
-1.232702642473649107e-01
0.000000000000000000e+00
0.000000000000000000e+00
0.000000000000000000e+00
0.000000000000000000e+00
-8.724973248677128645e-02
-4.762714755011827061e-01
-1.707373205452140219e+00
-5.487127671530427797e+00
-9.045956209477070686e+00
-1.186676407446225845e+01
-1.490929832384037645e+01
-1.740191912167342991e+01
-2.115525853112729848e+01
-2.688092216853898364e+01
-3.794963135043877855e+01
-4.880942144812719619e+01
-5.226979386592815757e+01
-4.917763132834657824e+01
-4.215122626624666680e+01
-3.390492586185478530e+01
-2.562020355691824491e+01
-1.569374545995998460e+01
-8.628918497315565261e+00
-3.895020167712191839e+00
-2.014748409809205221e+00
-1.157459753907074340e+00
-2.785587789485906574e-01
-1.488848646104537210e-01
0.000000000000000000e+00
0.000000000000000000e+00
0.000000000000000000e+00
0.000000000000000000e+00
-2.033158903820173891e-01
-7.060024225076361182e-01
-1.744994649735424730e+00
-3.970263056278766634e+00
-8.725773704938475817e+00
-1.399037453581457413e+01
-1.959516927776294182e+01
-2.534884888432179650e+01
-3.147474065240670527e+01
-3.917993262412847599e+01
-4.792651819186182394e+01
-5.452467915414137423e+01
-5.444383307174537379e+01
-5.006373640965713889e+01
-4.202235280816997687e+01
-3.155078399723463889e+01
-2.023073154927207895e+01
-1.195641517573304036e+01
-5.948990934327370361e+00
-2.520636766980206112e+00
-1.246310398916538720e+00
-3.578039488218969222e-01
-2.033158903820173891e-01
-2.033158903820173891e-01
0.000000000000000000e+00
0.000000000000000000e+00
0.000000000000000000e+00
0.000000000000000000e+00
-3.169806794932234495e-01
-7.676375546313174425e-01
-1.320752831221765788e+00
-3.009715542662936283e+00
-7.402619504932660632e+00
-1.292016451439425140e+01
-1.994496866397138390e+01
-2.971693870248978797e+01
-3.872127118637694565e+01
-4.776642693959265529e+01
-5.395955703363068068e+01
-5.515864051312792071e+01
-5.447425040967650034e+01
-4.808180670656317801e+01
-3.701950117475411872e+01
-2.482695140192380734e+01
-1.471238608354913069e+01
-7.934122462466755010e+00
-4.137558414900186499e+00
-1.720180505633683632e+00
-7.356193041774569119e-01
-2.129213655181758091e-01
-2.033158903820173891e-01
-2.033158903820173891e-01
0.000000000000000000e+00
0.000000000000000000e+00
0.000000000000000000e+00
0.000000000000000000e+00
-2.905656228687887865e-01
-9.757561825814156098e-01
-1.584102941204772685e+00
-2.433387034493437628e+00
-4.799535743033767510e+00
-9.342925482436649887e+00
-1.674394407484662750e+01
-2.632300415438048447e+01
-3.507679382846617244e+01
-4.390182410981157091e+01
-4.826591164667282641e+01
-4.838437917335212290e+01
-4.466225755809075082e+01
-3.667370406985239129e+01
-2.684009889921033576e+01
-1.547602135687372638e+01
-9.026745259204785654e+00
-5.447104858463091226e+00
-2.824810146291890423e+00
-1.203085760803827453e+00
-2.425382471879971025e-01
-1.280730018154439265e-01
-1.672953586214235566e-01
-1.360775644289091701e-01
0.000000000000000000e+00
0.000000000000000000e+00
0.000000000000000000e+00
0.000000000000000000e+00
-2.097195404727895396e-01
-6.875919284966648393e-01
-1.401598913617766673e+00
-1.743393737212732164e+00
-2.820807864985157565e+00
-5.557567822528924673e+00
-9.393354226901475812e+00
-1.423451369552527801e+01
-2.174599525200102335e+01
-2.652391867597841824e+01
-2.946559543642696610e+01
-2.853626571700364067e+01
-2.506708828032777703e+01
-2.014108044800127217e+01
-1.364377697465152472e+01
-8.614510284611309743e+00
-5.748876868990751454e+00
-3.616461388763601459e+00
-1.862661720153365286e+00
-7.564311669724655962e-01
-2.929669916528276907e-01
0.000000000000000000e+00
0.000000000000000000e+00
0.000000000000000000e+00
0.000000000000000000e+00
0.000000000000000000e+00
0.000000000000000000e+00
0.000000000000000000e+00
-3.361916297655406088e-02
-2.241277531770271420e-02
-4.962828820348456904e-02
-3.185815920159172920e-01
-9.493411259569785043e-01
-2.616691518341791145e+00
-4.429724950291670460e+00
-7.138468938688308008e+00
-1.021702371982704882e+01
-1.133526111692815164e+01
-1.385589788390833910e+01
-1.385029469007891478e+01
-1.054681169950180930e+01
-9.483805784433624098e+00
-7.080836087871364093e+00
-6.406851915817590282e+00
-4.004682675516662016e+00
-2.986502311083886418e+00
-1.664148567339426510e+00
-5.587184704198741025e-01
-2.121209092568293875e-01
-2.721551288578186525e-02
0.000000000000000000e+00
0.000000000000000000e+00
0.000000000000000000e+00
0.000000000000000000e+00
0.000000000000000000e+00
0.000000000000000000e+00
0.000000000000000000e+00
0.000000000000000000e+00
0.000000000000000000e+00
-6.883923847580122879e-02
-2.817606039939767881e-01
-6.083467586233592961e-01
-1.451227201821248869e+00
-3.202625501647446971e+00
-3.887015605098728788e+00
-4.614630346662715432e+00
-4.966030645393843201e+00
-5.478322652655616132e+00
-4.986842508188850331e+00
-4.512171945210357471e+00
-3.198623220340715445e+00
-2.627897906000639328e+00
-1.604914803999782924e+00
-1.075813215249729948e+00
-6.275577088956765248e-01
-1.152657016338995838e-01
-8.004562613465256464e-04
0.000000000000000000e+00
0.000000000000000000e+00
0.000000000000000000e+00
0.000000000000000000e+00
0.000000000000000000e+00
0.000000000000000000e+00
0.000000000000000000e+00
0.000000000000000000e+00
0.000000000000000000e+00
0.000000000000000000e+00
0.000000000000000000e+00
0.000000000000000000e+00
0.000000000000000000e+00
-1.280730018154441034e-02
-1.736990087121959847e-01
-5.387070638862113681e-01
-7.940526112557531047e-01
-8.869055375719506751e-01
-6.971974036328227875e-01
-7.532293419270807977e-01
-6.307595339410608792e-01
-4.514573313994404979e-01
-4.482555063540540896e-01
-2.889647103460949995e-01
-1.945108715072054462e-01
-4.322463811271232137e-02
0.000000000000000000e+00
0.000000000000000000e+00
0.000000000000000000e+00
0.000000000000000000e+00
0.000000000000000000e+00
0.000000000000000000e+00
0.000000000000000000e+00
