0.000000000000000000e+00
0.000000000000000000e+00
0.000000000000000000e+00
0.000000000000000000e+00
0.000000000000000000e+00
0.000000000000000000e+00
0.000000000000000000e+00
0.000000000000000000e+00
0.000000000000000000e+00
0.000000000000000000e+00
0.000000000000000000e+00
0.000000000000000000e+00
0.000000000000000000e+00
0.000000000000000000e+00
0.000000000000000000e+00
0.000000000000000000e+00
0.000000000000000000e+00
0.000000000000000000e+00
0.000000000000000000e+00
0.000000000000000000e+00
0.000000000000000000e+00
0.000000000000000000e+00
0.000000000000000000e+00
0.000000000000000000e+00
0.000000000000000000e+00
0.000000000000000000e+00
0.000000000000000000e+00
0.000000000000000000e+00
0.000000000000000000e+00
0.000000000000000000e+00
0.000000000000000000e+00
0.000000000000000000e+00
0.000000000000000000e+00
0.000000000000000000e+00
0.000000000000000000e+00
0.000000000000000000e+00
0.000000000000000000e+00
0.000000000000000000e+00
0.000000000000000000e+00
0.000000000000000000e+00
0.000000000000000000e+00
0.000000000000000000e+00
0.000000000000000000e+00
0.000000000000000000e+00
0.000000000000000000e+00
0.000000000000000000e+00
0.000000000000000000e+00
0.000000000000000000e+00
0.000000000000000000e+00
0.000000000000000000e+00
0.000000000000000000e+00
0.000000000000000000e+00
0.000000000000000000e+00
0.000000000000000000e+00
0.000000000000000000e+00
0.000000000000000000e+00
0.000000000000000000e+00
0.000000000000000000e+00
0.000000000000000000e+00
0.000000000000000000e+00
0.000000000000000000e+00
0.000000000000000000e+00
0.000000000000000000e+00
0.000000000000000000e+00
0.000000000000000000e+00
0.000000000000000000e+00
-2.237531649296355032e-03
-4.965750063789279092e-03
-2.335669002335668838e-03
0.000000000000000000e+00
0.000000000000000000e+00
0.000000000000000000e+00
0.000000000000000000e+00
0.000000000000000000e+00
0.000000000000000000e+00
0.000000000000000000e+00
0.000000000000000000e+00
0.000000000000000000e+00
0.000000000000000000e+00
0.000000000000000000e+00
0.000000000000000000e+00
0.000000000000000000e+00
0.000000000000000000e+00
0.000000000000000000e+00
0.000000000000000000e+00
0.000000000000000000e+00
0.000000000000000000e+00
0.000000000000000000e+00
0.000000000000000000e+00
0.000000000000000000e+00
0.000000000000000000e+00
0.000000000000000000e+00
0.000000000000000000e+00
-1.197275707079628604e-03
-9.460440832989851223e-03
-1.886199925415611711e-02
-2.524092720171151882e-02
-1.837131248895954722e-02
-1.607489842783960468e-02
-2.571198649630022579e-02
-2.763547861587076909e-02
-2.306227796423874696e-02
-1.954896072543131635e-02
-1.006889242183359873e-02
-3.827356768533239726e-03
-5.495691770201573990e-04
0.000000000000000000e+00
0.000000000000000000e+00
0.000000000000000000e+00
0.000000000000000000e+00
0.000000000000000000e+00
0.000000000000000000e+00
0.000000000000000000e+00
0.000000000000000000e+00
0.000000000000000000e+00
-9.421185891774128390e-04
-3.532944709415298417e-04
-2.708590943885061126e-03
-5.319044534730808446e-03
-1.244381636538499300e-02
-2.749808632161573202e-02
-6.102180611984531905e-02
-1.099138354040314763e-01
-1.704253272880723591e-01
-2.340183320575477677e-01
-2.488566998370920491e-01
-2.830477536359889967e-01
-2.966103358260223644e-01
-2.984553180631613345e-01
-2.902902902902902427e-01
-2.280712084633653991e-01
-1.439871243792812672e-01
-1.043985161632220576e-01
-6.002080511884434061e-02
-3.391626921038685960e-02
-1.760584113525289970e-02
-7.340674007340674233e-03
-1.138393295256040667e-03
0.000000000000000000e+00
0.000000000000000000e+00
0.000000000000000000e+00
0.000000000000000000e+00
0.000000000000000000e+00
-5.142397299260044637e-03
-1.330742507213095865e-02
-2.478949537773067480e-02
-5.260162122907221377e-02
-8.698894973404776298e-02
-1.484621876778740024e-01
-2.457555594810496569e-01
-3.342754519225107912e-01
-4.645233468762882123e-01
-5.811694046988161722e-01
-7.016035643486630002e-01
-7.620169188796648285e-01
-7.469430214528255396e-01
-7.164223046575990406e-01
-6.583642465995406257e-01
-5.413256393648551157e-01
-4.177510844177511062e-01
-2.974935720033759501e-01
-2.115252507409369487e-01
-1.359594889006653651e-01
-7.815658796050950485e-02
-3.797915562621444890e-02
-1.120728571708963679e-02
0.000000000000000000e+00
0.000000000000000000e+00
0.000000000000000000e+00
0.000000000000000000e+00
0.000000000000000000e+00
-2.708590943885061560e-03
-2.149208031560972260e-02
-6.129659070835541401e-02
-1.031423580443188159e-01
-1.790810418261398473e-01
-3.076802292488567403e-01
-4.256020726608965576e-01
-5.641916426230152437e-01
-7.427623702133512307e-01
-8.845904728257676375e-01
-1.070364482129189776e+00
-1.169012149404307754e+00
-1.214057194449353005e+00
-1.157019764862903921e+00
-1.021747237433513478e+00
-8.379948576027010931e-01
-6.547527920076937624e-01
-4.626587371685410566e-01
-3.310172918016054400e-01
-2.128402912716638173e-01
-1.201986300025515847e-01
-6.904944159846121421e-02
-2.716441932128206907e-02
-3.336670003336670155e-04
0.000000000000000000e+00
0.000000000000000000e+00
0.000000000000000000e+00
-3.532944709415298417e-04
-4.769475357710650613e-03
-3.656597774244832455e-02
-9.692044986162633158e-02
-1.768827651180592264e-01
-2.918016055270956643e-01
-4.212644016565584848e-01
-5.689611179807261276e-01
-7.764038548352277802e-01
-9.701269897348340221e-01
-1.144713340791772893e+00
-1.345561247522032211e+00
-1.479243949832186988e+00
-1.546055859781352293e+00
-1.520716795226601636e+00
-1.381459891263813633e+00
-1.154291546448410033e+00
-8.670238866317304671e-01
-6.258807827435276527e-01
-4.020687354020684445e-01
-2.513886435455064405e-01
-1.550962727433315702e-01
-9.633162574339046436e-02
-5.248385640542502228e-02
-1.142318789377612734e-02
0.000000000000000000e+00
0.000000000000000000e+00
0.000000000000000000e+00
-5.652711535064477467e-03
-2.408290643584761609e-02
-5.933384364756913443e-02
-1.236530648295354334e-01
-2.000431804353373089e-01
-3.335492355100199147e-01
-4.910596871381185391e-01
-6.954797935190090152e-01
-9.058273960234751732e-01
-1.099668295746728752e+00
-1.248699680072230978e+00
-1.400145243282500562e+00
-1.537557165008147209e+00
-1.602897014661724739e+00
-1.597931264597934220e+00
-1.469312449704609946e+00
-1.261673438144027770e+00
-9.928752281693462578e-01
-6.765785393236374290e-01
-4.258572297787986405e-01
-2.617715754970657005e-01
-1.709748964650925074e-01
-1.106400518165224084e-01
-5.909831400027477921e-02
-1.171759995289407309e-02
0.000000000000000000e+00
0.000000000000000000e+00
0.000000000000000000e+00
-2.590826120237884386e-03
-2.013778484366719745e-02
-6.702781212585134929e-02
-1.298946004828357426e-01
-2.282478556988360996e-01
-3.694086243105852430e-01
-5.368898310074783353e-01
-7.842352156077652126e-01
-9.606861763724514613e-01
-1.073092700543683442e+00
-1.106459400577048724e+00
-1.153133525682547234e+00
-1.278729710102260775e+00
-1.377750299318928340e+00
-1.443757482973171857e+00
-1.426661956073722815e+00
-1.248503405366153007e+00
-9.701858721466586344e-01
-6.483149816483154693e-01
-4.079373491138197916e-01
-2.353137451176666728e-01
-1.277552061865787625e-01
-7.305344560246522512e-02
-2.632043808514396982e-02
-2.787100826316511997e-03
0.000000000000000000e+00
0.000000000000000000e+00
0.000000000000000000e+00
-2.747845885100786995e-04
-2.594751614359457406e-02
-7.368152466191682515e-02
-1.447918506742036371e-01
-2.482875031894640483e-01
-3.793793793793793778e-01
-5.740838878093779130e-01
-7.947162849123643458e-01
-9.459459459459471642e-01
-9.479872028891643820e-01
-9.021766864904119387e-01
-9.383304873500963872e-01
-1.093230485387349349e+00
-1.246599540717189036e+00
-1.337062552748829791e+00
-1.336689630807278872e+00
-1.148952874443072369e+00
-8.900469096547531933e-01
-5.526114349643761470e-01
-3.052464228934816948e-01
-1.451058902039293885e-01
-6.404443659345621098e-02
-2.924493120571551932e-02
-6.280790594516084437e-03
0.000000000000000000e+00
0.000000000000000000e+00
0.000000000000000000e+00
0.000000000000000000e+00
0.000000000000000000e+00
-1.242418889477713007e-02
-5.780290094015583940e-02
-1.302871498949930151e-01
-2.268150503444620880e-01
-3.692123496045064401e-01
-5.950263989479676052e-01
-7.774441107774447968e-01
-8.797032326444100825e-01
-8.657677285128274614e-01
-7.974641307974643656e-01
-8.756992286404053916e-01
-1.148933246972464017e+00
-1.333667000333668806e+00
-1.366327111425152507e+00
-1.286737718110267936e+00
-1.060040432589453907e+00
-7.408388780937805729e-01
-4.227168344815402934e-01
-2.107990343284461277e-01
-7.534985966358515030e-02
-2.274823843451294694e-02
-5.534946711417298992e-03
-9.617460597852754483e-04
0.000000000000000000e+00
0.000000000000000000e+00
0.000000000000000000e+00
0.000000000000000000e+00
0.000000000000000000e+00
-6.300418065123948239e-03
-5.458399576046634588e-02
-1.133093878191917259e-01
-2.115056232703291794e-01
-3.568470431215527428e-01
-6.131425543190250904e-01
-8.071404738071411566e-01
-8.748748748748755855e-01
-8.832754322950411296e-01
-8.804490765275081454e-01
-1.048519107342637646e+00
-1.354707648825298261e+00
-1.525505898054920761e+00
-1.513650905807771396e+00
-1.344128442167659809e+00
-1.026536340261831715e+00
-6.631533494278591956e-01
-3.690357023690356009e-01
-1.473630493238335670e-01
-5.328858270034739220e-02
-1.599638854540814947e-02
-6.869614712751968572e-04
0.000000000000000000e+00
0.000000000000000000e+00
0.000000000000000000e+00
0.000000000000000000e+00
0.000000000000000000e+00
0.000000000000000000e+00
-1.010814736304932460e-02
-4.414218139708334793e-02
-8.088480637500246317e-02
-1.628098686922216376e-01
-3.326659993326660514e-01
-6.057626253704686548e-01
-8.156587960509539270e-01
-9.043357082572778260e-01
-9.347386602288567659e-01
-1.001472060295591326e+00
-1.276040746628983813e+00
-1.547037233311747251e+00
-1.639129325403839044e+00
-1.541521914070935972e+00
-1.361557636067441956e+00
-1.053838151877368956e+00
-6.675695303146291781e-01
-3.403403403403403860e-01
-1.467742252055977414e-01
-4.647785039941902674e-02
-1.731142907613495915e-02
-4.847985240142103219e-03
-1.099138354040314798e-03
0.000000000000000000e+00
0.000000000000000000e+00
0.000000000000000000e+00
0.000000000000000000e+00
-2.551571179022159275e-04
-1.010814736304932286e-02
-2.902902902902902357e-02
-6.800918565624448908e-02
-1.244185361832420705e-01
-2.965710808848064928e-01
-5.235824059353469950e-01
-7.244303126656072012e-01
-8.500264970853212976e-01
-9.127166382068355732e-01
-1.046399340516989351e+00
-1.386916328092800743e+00
-1.567685332391217878e+00
-1.646214842293275638e+00
-1.524014210288721971e+00
-1.346032306816624002e+00
-1.061532120355651365e+00
-6.644291350173704425e-01
-3.498400361145459492e-01
-1.773341969420401121e-01
-6.598755618363462416e-02
-2.082474631494239323e-02
-8.322047537733813158e-03
-3.218905179689493957e-03
0.000000000000000000e+00
0.000000000000000000e+00
0.000000000000000000e+00
0.000000000000000000e+00
-4.985377534397142027e-03
-1.685999725215411513e-02
-2.310153290545447630e-02
-5.256236628785648096e-02
-1.099530903452472091e-01
-2.172564721584330227e-01
-3.996938114585173452e-01
-5.306090404129619742e-01
-6.289622956289627753e-01
-7.287091012581212723e-01
-9.107146362048329502e-01
-1.200573122141750160e+00
-1.380419635321598282e+00
-1.492708394669180816e+00
-1.387642544505291564e+00
-1.238728925003435899e+00
-1.000235529647295341e+00
-6.751653614398717140e-01
-4.189091051836147939e-01
-2.290918369349741468e-01
-1.122691318769750146e-01
-2.942157844118627880e-02
-1.048106930459871688e-02
-2.394551414159257641e-03
0.000000000000000000e+00
0.000000000000000000e+00
0.000000000000000000e+00
0.000000000000000000e+00
-4.475063298592710063e-03
-1.448507330860271912e-02
-2.810653791045948299e-02
-4.661524269367407075e-02
-9.107146362048321175e-02
-1.511707786217589833e-01
-2.571198649630022648e-01
-3.305069775658011633e-01
-3.906259200376847041e-01
-4.927476496103949666e-01
-6.899252193369846964e-01
-9.330899526977959324e-01
-1.221711907986419821e+00
-1.325658992325660757e+00
-1.242163732359812478e+00
-1.096704547684941300e+00
-9.186637618010178308e-01
-6.475691377652168512e-01
-4.311762743135292841e-01
-2.784745529843570266e-01
-1.400027478458850394e-01
-5.454474081925062695e-02
-1.156058018803116962e-02
0.000000000000000000e+00
0.000000000000000000e+00
0.000000000000000000e+00
0.000000000000000000e+00
0.000000000000000000e+00
-1.040255942216726862e-03
-1.823392019470451014e-02
-3.854835227384247748e-02
-6.178727747355198391e-02
-9.866729474572612235e-02
-1.256158118903216714e-01
-1.911519362499754515e-01
-2.352744901764508845e-01
-2.876013268170131143e-01
-4.222457751869514997e-01
-6.159885375571650945e-01
-8.686137117509672434e-01
-1.118491040059668817e+00
-1.212349604506468559e+00
-1.141631827906338881e+00
-9.761133682702316516e-01
-8.206638010559584862e-01
-6.098451392569039786e-01
-4.292331547233512179e-01
-2.828122239886944889e-01
-1.700720328171308748e-01
-6.004043258945220007e-02
-1.409252389644546390e-02
0.000000000000000000e+00
0.000000000000000000e+00
0.000000000000000000e+00
0.000000000000000000e+00
0.000000000000000000e+00
-7.850988243145106088e-05
-2.219866925749278130e-02
-5.054073681524661604e-02
-1.037704371037704576e-01
-1.278729710102259332e-01
-1.420047498478870796e-01
-1.664802056958919196e-01
-2.196902785138078740e-01
-2.906043298200161606e-01
-4.324128049618247149e-01
-6.303362185715132293e-01
-8.625880782743540198e-01
-1.074329231191977430e+00
-1.163555712575321754e+00
-1.065712771595125341e+00
-9.278494180454971429e-01
-7.314765746138296443e-01
-5.543975347896916706e-01
-4.071522502895051354e-01
-2.750790005691966522e-01
-1.800035329447094434e-01
-6.023670729553080860e-02
-1.073622642250093157e-02
0.000000000000000000e+00
0.000000000000000000e+00
0.000000000000000000e+00
0.000000000000000000e+00
0.000000000000000000e+00
-2.924493120571552973e-03
-2.745883138040001309e-02
-5.754774382225361085e-02
-1.266953227737541432e-01
-1.903079550138374598e-01
-2.417123005358300658e-01
-2.824196745765373828e-01
-3.039117548921471679e-01
-3.733144909615497831e-01
-5.205205205205205576e-01
-7.279043749631985971e-01
-9.481049677128124964e-01
-1.126754205185579005e+00
-1.171328190936035796e+00
-1.047419968988597905e+00
-8.985063494867425726e-01
-6.981687569922866432e-01
-5.089010579206660889e-01
-3.846984239141100770e-01
-2.618304579088892581e-01
-1.644389487526742299e-01
-5.786178335197943168e-02
-4.043258945219729839e-03
0.000000000000000000e+00
0.000000000000000000e+00
0.000000000000000000e+00
0.000000000000000000e+00
0.000000000000000000e+00
-6.261163123908221502e-03
-4.058960921706020186e-02
-7.012895248189365827e-02
-1.417692202005927660e-01
-2.655793047949910890e-01
-3.625978920096568081e-01
-4.556321026909264660e-01
-5.002649708532060924e-01
-5.610708747963648602e-01
-7.260005103142364025e-01
-9.367210347602514808e-01
-1.137215647019569786e+00
-1.248758562484054924e+00
-1.213586135154764323e+00
-1.053033425582447169e+00
-8.837857465308451843e-01
-6.684331390213745783e-01
-4.964376140846730179e-01
-3.658560521305619928e-01
-2.295236412883471522e-01
-1.311311311311311179e-01
-3.110954091346248424e-02
-4.200278710082632448e-03
0.000000000000000000e+00
0.000000000000000000e+00
0.000000000000000000e+00
0.000000000000000000e+00
0.000000000000000000e+00
-2.159021766864904594e-03
-2.798877308681229845e-02
-6.908869653967694702e-02
-1.504445622092680790e-01
-3.189463973777699191e-01
-4.911381970205501157e-01
-6.308269053367094870e-01
-7.734204793028327529e-01
-9.035309819623555949e-01
-1.040393334510983037e+00
-1.183359830418655889e+00
-1.320496967555793599e+00
-1.337180317572477017e+00
-1.266325148678092649e+00
-1.084103711554693872e+00
-8.687707315158297305e-01
-6.350075565761843510e-01
-4.502934306855877478e-01
-2.861488939920313057e-01
-1.563720583328426783e-01
-5.921607882392194988e-02
-1.311115036605232931e-02
-4.632083063455612673e-03
0.000000000000000000e+00
0.000000000000000000e+00
0.000000000000000000e+00
0.000000000000000000e+00
0.000000000000000000e+00
-2.473061296590708946e-03
-1.585899625115311240e-02
-6.017782488370725102e-02
-1.359398614300575125e-01
-2.779249838073369339e-01
-4.743174547096116189e-01
-6.951853814598915049e-01
-9.139924237963468201e-01
-1.128245892951776019e+00
-1.282772969047481171e+00
-1.368819800192351277e+00
-1.420891479715011174e+00
-1.387014465445839617e+00
-1.255058980549178083e+00
-9.907358338730900549e-01
-7.569726589334435651e-01
-4.895679993719210255e-01
-2.979450038273567802e-01
-1.604938271604938738e-01
-7.034485465858014708e-02
-1.803764548862588080e-02
-1.393550413158255999e-03
-4.514318239808435391e-04
0.000000000000000000e+00
0.000000000000000000e+00
0.000000000000000000e+00
0.000000000000000000e+00
0.000000000000000000e+00
-1.177648236471766103e-03
-5.691966476280201602e-03
-3.527056468232939168e-02
-9.972717815855067225e-02
-1.931343107813695559e-01
-3.118805079589393459e-01
-5.075075075075078379e-01
-7.631356847043120339e-01
-1.027615851145263992e+00
-1.208188580737600937e+00
-1.249092229484387806e+00
-1.249759563485055347e+00
-1.161907005044261698e+00
-9.799407250387643931e-01
-7.397201122691323683e-01
-4.687825079981940424e-01
-2.675616793263853599e-01
-1.659110090482638911e-01
-6.979528548155997103e-02
-2.555496673143731884e-02
-8.066890419831596742e-03
-9.813735303931381932e-05
0.000000000000000000e+00
0.000000000000000000e+00
0.000000000000000000e+00
0.000000000000000000e+00
0.000000000000000000e+00
0.000000000000000000e+00
0.000000000000000000e+00
-3.336670003336669830e-03
-1.464209307346561913e-02
-5.063887416828593419e-02
-1.064790280476554940e-01
-1.730946632907417460e-01
-2.613790260849084834e-01
-4.316080786669023173e-01
-5.959488900665371736e-01
-6.619364462501720059e-01
-6.805629158570333237e-01
-7.123986731829873298e-01
-6.515731417692206540e-01
-5.426603073661896426e-01
-3.923531374511767811e-01
-2.406131621817895194e-01
-1.363716657834304902e-01
-7.542836954601660204e-02
-3.468174056409350364e-02
-1.684036978154625219e-02
-5.299417064122946379e-03
0.000000000000000000e+00
0.000000000000000000e+00
0.000000000000000000e+00
0.000000000000000000e+00
0.000000000000000000e+00
0.000000000000000000e+00
0.000000000000000000e+00
0.000000000000000000e+00
0.000000000000000000e+00
-1.766472354707648721e-03
-1.846944984199886189e-02
-4.192427721839486754e-02
-6.182653241476770284e-02
-1.198649630022179391e-01
-1.991206893167677128e-01
-2.779838662191603249e-01
-2.856778346974424565e-01
-3.112131739582720824e-01
-3.385542405150246958e-01
-2.954326875895502136e-01
-2.138412922726647958e-01
-1.675989715205401520e-01
-1.102671298749729883e-01
-6.594830124241889135e-02
-4.757698875345934414e-02
-2.944120591179414173e-02
-1.466172054407348553e-02
-4.965750063789279092e-03
0.000000000000000000e+00
0.000000000000000000e+00
0.000000000000000000e+00
0.000000000000000000e+00
0.000000000000000000e+00
0.000000000000000000e+00
0.000000000000000000e+00
0.000000000000000000e+00
0.000000000000000000e+00
0.000000000000000000e+00
-4.514318239808435933e-03
-1.513277983866219249e-02
-1.165871754107048429e-02
-3.646784038940902029e-02
-6.586979135998742574e-02
-9.295570079883805348e-02
-1.101101101101101126e-01
-1.327994661327994985e-01
-1.446152034387328533e-01
-1.029068283970244607e-01
-7.442736854501558197e-02
-5.464287817228993122e-02
-3.589864374178099171e-02
-3.003003003003002977e-02
-2.170798249229621488e-02
-8.537949714420303704e-03
-3.101140356042317216e-03
-1.707589942884060784e-03
0.000000000000000000e+00
0.000000000000000000e+00
0.000000000000000000e+00
0.000000000000000000e+00
0.000000000000000000e+00
0.000000000000000000e+00
0.000000000000000000e+00
0.000000000000000000e+00
0.000000000000000000e+00
0.000000000000000000e+00
0.000000000000000000e+00
0.000000000000000000e+00
0.000000000000000000e+00
0.000000000000000000e+00
0.000000000000000000e+00
-1.491687766197570021e-03
-8.989381538401147731e-03
-8.714596949891068381e-03
-4.514318239808435933e-03
-2.767473355708649930e-03
-2.551571179022159384e-03
-5.986378535398143887e-03
-5.868613711750968014e-03
-1.609452589844746978e-03
0.000000000000000000e+00
0.000000000000000000e+00
0.000000000000000000e+00
0.000000000000000000e+00
0.000000000000000000e+00
0.000000000000000000e+00
0.000000000000000000e+00
0.000000000000000000e+00
0.000000000000000000e+00
