0.000000000000000000e+00
0.000000000000000000e+00
0.000000000000000000e+00
0.000000000000000000e+00
0.000000000000000000e+00
0.000000000000000000e+00
0.000000000000000000e+00
0.000000000000000000e+00
0.000000000000000000e+00
0.000000000000000000e+00
0.000000000000000000e+00
0.000000000000000000e+00
0.000000000000000000e+00
0.000000000000000000e+00
0.000000000000000000e+00
0.000000000000000000e+00
0.000000000000000000e+00
0.000000000000000000e+00
0.000000000000000000e+00
0.000000000000000000e+00
0.000000000000000000e+00
0.000000000000000000e+00
0.000000000000000000e+00
0.000000000000000000e+00
0.000000000000000000e+00
0.000000000000000000e+00
0.000000000000000000e+00
0.000000000000000000e+00
0.000000000000000000e+00
0.000000000000000000e+00
0.000000000000000000e+00
0.000000000000000000e+00
0.000000000000000000e+00
0.000000000000000000e+00
0.000000000000000000e+00
0.000000000000000000e+00
0.000000000000000000e+00
0.000000000000000000e+00
0.000000000000000000e+00
0.000000000000000000e+00
0.000000000000000000e+00
0.000000000000000000e+00
-4.215943872172751898e-10
-1.053985761885061412e-09
-1.363981614062624750e-10
0.000000000000000000e+00
0.000000000000000000e+00
0.000000000000000000e+00
0.000000000000000000e+00
0.000000000000000000e+00
0.000000000000000000e+00
0.000000000000000000e+00
0.000000000000000000e+00
0.000000000000000000e+00
0.000000000000000000e+00
0.000000000000000000e+00
0.000000000000000000e+00
0.000000000000000000e+00
0.000000000000000000e+00
0.000000000000000000e+00
0.000000000000000000e+00
0.000000000000000000e+00
0.000000000000000000e+00
0.000000000000000000e+00
0.000000000000000000e+00
0.000000000000000000e+00
-4.243428630796156371e-09
-7.648039974333107946e-09
-2.075019995241140741e-09
-8.775587331826318669e-11
-1.840889439830190601e-09
-3.981624533581750229e-09
-8.923939007040894776e-10
-1.795795368509548465e-13
-2.163950265579237975e-13
-2.091537255984556331e-13
-2.036282534380961801e-13
-1.423072692178766492e-13
-7.995541284994116831e-14
-4.875391211227560324e-14
0.000000000000000000e+00
0.000000000000000000e+00
0.000000000000000000e+00
0.000000000000000000e+00
0.000000000000000000e+00
0.000000000000000000e+00
-1.148971575153539354e-18
-2.735647431721287896e-19
-1.576366387137033522e-12
-3.389187730642071812e-11
-3.428596893856711646e-11
-5.593622546080512150e-09
-2.898699513916038888e-09
-4.227568368086997688e-09
-8.260050467462422521e-09
-3.931626005971953150e-08
-5.526064528046011002e-08
-5.645311941387330549e-08
-3.876324188168690658e-07
-1.158089365786077745e-06
-2.297452622565334781e-07
-4.791613897595090526e-07
-2.078848856082940291e-06
-6.788737216414792259e-06
-6.925501373611828646e-06
-1.530462422176390646e-07
-5.134091620159962772e-08
-6.818394742016164996e-11
-1.100156461083338894e-15
-9.980993897321406523e-20
-2.117177176115005634e-20
0.000000000000000000e+00
0.000000000000000000e+00
-4.692769008419767143e-19
-2.279632561057376894e-11
-1.366008217261447151e-10
-3.453934358520816384e-08
-7.243039863756189772e-10
-1.295468233554632130e-09
-5.665939208926449821e-09
-4.440307648796644134e-09
-4.485103084991875579e-09
-1.285861285528936822e-06
-3.497008473370524681e-06
-2.824867872686746885e-05
-7.626091323034971808e-05
-1.268432667465630077e-04
-1.674542297300779916e-04
-7.822865717177791682e-05
-3.531220109301373814e-05
-2.276722430187175472e-05
-2.223400089952235341e-05
-3.141866648088858155e-05
-1.808928167032835017e-05
-1.712950400813835711e-05
-1.330853098297895714e-05
-2.564962023501950447e-06
-6.407049710293616565e-11
-1.596168700730562867e-18
0.000000000000000000e+00
0.000000000000000000e+00
0.000000000000000000e+00
-7.765989464122282737e-12
-1.995175446885949767e-11
-1.251649313303408789e-10
-1.395947753960644407e-09
-1.665262124498355275e-08
-3.843526185853589973e-08
-5.031054930505804559e-09
-8.658611578508593927e-09
-2.385012331401406060e-08
-6.475264492886200827e-07
-1.911767210147495536e-05
-9.799744787736271005e-05
-2.622544123368615002e-04
-3.435044040127868854e-04
-2.039598974188709625e-04
-9.143177724821071109e-05
-5.462430149037542099e-05
-4.496562807150469030e-05
-4.860886935682821777e-05
-3.970624560104793103e-05
-2.464668851537137547e-05
-4.301859612119333600e-05
-3.890577902835351852e-05
-3.045313302632895127e-09
-1.608693077356815308e-09
-3.170696044467929207e-13
0.000000000000000000e+00
-2.259093797339611870e-20
-1.179646137778902118e-11
-6.065427354615029229e-10
-1.168469279861158248e-09
-5.567886336625951709e-10
-9.635360503613678157e-09
-1.715463121987771457e-08
-1.467434104354228857e-08
-3.653028282656536829e-07
-9.970205908711285858e-07
-1.102071469449680213e-05
-3.805921869822240336e-05
-1.488756359910102631e-04
-4.292167533770016303e-04
-4.854726648413111578e-04
-2.846258550141200446e-04
-1.465134235518530937e-04
-1.140814799189987955e-04
-1.023417167452255367e-04
-1.113534276884406009e-04
-1.418192168413441210e-04
-1.579706511287960432e-04
-8.884510688064751473e-05
-2.843945172945910616e-05
-2.407736197601899979e-07
-9.743592420321888941e-08
-1.155789034040243291e-12
-1.517340987883678299e-40
-3.066717324869668298e-16
-7.868498816084582304e-12
-1.668959016574815815e-10
-4.609297408255971918e-10
-1.715685259595075316e-09
-2.091908885369153794e-08
-3.458122522139578895e-07
-4.237198647394021648e-06
-6.722848520450459982e-05
-1.005941781895035910e-04
-9.868612881605390329e-05
-1.846342888430412086e-04
-9.183767035502609548e-04
-2.936123518588908046e-03
-4.941651393434456918e-03
-5.193014243102857426e-03
-5.076834575461197478e-03
-7.163128376098898496e-04
-5.338313238831383998e-05
-3.889430192948551351e-05
-5.556164315583311456e-05
-1.305803382560590269e-04
-1.578489183898569039e-04
-5.149475560956301745e-06
-6.696442278796150202e-06
-3.519004555950214059e-07
-1.155591578736542956e-11
-6.166215503952823215e-40
-4.910689848212264637e-16
-1.963808491610958221e-12
-1.152155496275954810e-09
-3.488741724801102584e-09
-3.952814808246582495e-09
-4.161809937325422175e-07
-1.325143996911861206e-06
-7.435793553343228588e-06
-2.884004463293895478e-05
-6.547124256040935284e-04
-2.669666505484799210e-03
-4.359702744569985550e-03
-5.024102814141895301e-03
-5.345412370483489280e-03
-5.379650665975006622e-03
-5.128288900444480207e-03
-5.033785921966829960e-03
-3.182916805291181005e-03
-9.259203280837636054e-05
-6.984866312991199746e-05
-7.437955645039589342e-05
-1.568441398509257123e-04
-9.124820487384226089e-05
-4.403356007172512564e-05
-3.901077754655586259e-05
-4.063698693238615715e-07
-3.980211386425593312e-13
-1.998917329016536745e-20
-1.462189944859485906e-13
-6.506927495517805320e-12
-3.705270577066161661e-09
-1.628147259317184121e-09
-2.130831186621261917e-07
-1.649693515418160621e-06
-6.097348237552680455e-05
-3.743530418042000877e-04
-1.982821949991185172e-03
-4.298519583115020457e-03
-4.965824722526243455e-03
-4.966706630435103846e-03
-5.032546768197005728e-03
-5.398996472573448779e-03
-5.368191866886906465e-03
-5.120984807016481719e-03
-5.041178089295422077e-03
-5.035292324097863370e-03
-5.559384134188750503e-04
-1.226073644578517022e-04
-2.045575489677999156e-04
-1.432352046463287933e-04
-6.826967062891173038e-05
-4.859089061064752758e-05
-5.764212912300551059e-06
-1.772757121331054502e-07
-1.106926466520494836e-08
-2.324830251358526220e-20
-2.394698059674180358e-13
-3.362428659357619085e-12
-3.001356326689562342e-10
-1.969813277923297369e-08
-1.436142181247497857e-06
-5.324783135467437648e-04
-3.181056847957159164e-03
-4.965786425353516109e-03
-4.965759180400838510e-03
-4.965761066226747136e-03
-4.965768769452754729e-03
-4.965980528973459700e-03
-5.049755382285229036e-03
-5.475960684978330335e-03
-5.380950622213132375e-03
-5.113999281645204703e-03
-5.079929634135182254e-03
-5.100426955841575079e-03
-6.280773341729315113e-04
-2.248660653290402984e-04
-1.374777362857056346e-04
-8.593840314655893135e-05
-8.266027311172220054e-05
-1.021368487155276117e-04
-9.314447327983459515e-05
-1.582147556542682354e-06
-1.647074332494651958e-13
-2.500809787857766795e-21
-5.166356730152572598e-16
-3.357476138810888753e-12
-6.184221684941945654e-11
-1.157616754739351571e-07
-2.166206429084868925e-06
-2.926701300822712529e-03
-4.965811037450283856e-03
-4.965758967483200129e-03
-4.965767939998599195e-03
-4.965943686101332438e-03
-4.966667697035570886e-03
-5.001809126194189069e-03
-4.994846151342313516e-03
-4.294437808666846934e-03
-3.165222006997977372e-03
-5.110588255867632747e-03
-5.210973198993567104e-03
-5.195463101740719139e-03
-7.725716410816127087e-04
-2.491941995396787252e-04
-2.111533250538790254e-04
-2.119519828388838638e-04
-1.991822670832039195e-04
-1.599159597524630802e-04
-8.781970162352153693e-05
-2.493071632812914791e-06
-1.334642485096165599e-10
-3.532271961378745209e-32
-8.732271449168230121e-17
-1.917771621578356473e-14
-6.010836992179302221e-11
-5.023684684921959358e-07
-2.183721918325792209e-06
-1.316492837008888033e-03
-4.691159799182262335e-03
-4.965811859531391904e-03
-4.966804840404921012e-03
-4.969186948422289925e-03
-4.463701640392170322e-03
-3.740195204932074760e-03
-1.669298814326703991e-03
-8.746070750836932878e-04
-6.089550703350334786e-04
-4.483570265231092387e-03
-5.246747124993120411e-03
-5.256511280207926476e-03
-6.629825981018293507e-04
-1.250946305168418001e-04
-6.779030303316937176e-05
-2.685371999308529205e-05
-1.024181485156173500e-05
-6.185609799733646772e-06
-3.905629051130874093e-08
-1.066205177944635072e-09
-4.967833577514909580e-10
-8.049103426969995670e-10
-2.184006773963815001e-18
-5.118034726360337145e-14
-2.845587427477750041e-10
-6.716418579575438112e-07
-1.976627338484698210e-06
-9.379273798776012580e-07
-2.630588918196150299e-03
-4.966227856136755381e-03
-3.993050592160158306e-03
-1.800320579701363954e-03
-7.029325319877682615e-04
-2.266624919464505416e-04
-4.772164399116412734e-04
-9.331791106310221564e-04
-1.439631518493517679e-03
-4.823504702194706187e-03
-5.091724952963541141e-03
-4.992989393751888494e-03
-4.733544699127020610e-04
-1.624018131064693044e-06
-2.208867312079353166e-06
-7.220808415747266758e-07
-6.113337627675522694e-09
-2.312604658704289123e-09
-5.030709948696373566e-10
-2.039656614657663944e-10
0.000000000000000000e+00
-2.766612179378599821e-20
-3.061359260167435576e-15
-9.344936211261850442e-10
-7.754068329383674270e-08
-5.781972419253830448e-07
-1.872488252720232981e-06
-8.222899389748357930e-07
-2.149351407726920072e-04
-1.659747734943651772e-03
-6.600783388713264309e-04
-1.738732300473922756e-04
-1.450567409526156576e-04
-6.826269653149898684e-05
-5.047426231315375530e-04
-8.237231586687207953e-04
-2.282528094907124074e-03
-5.062417212530427764e-03
-4.977556632733709345e-03
-4.966175738809000713e-03
-4.719946360860023324e-04
-1.615519545007700264e-06
-2.558881013444723025e-06
-4.341028988883933875e-07
-3.364122524468715271e-09
-2.062007767873350687e-09
-3.974844864027601582e-10
-2.709577236578115770e-24
0.000000000000000000e+00
-9.058818640449420763e-21
-6.987725458030073587e-15
-1.318298495638800385e-08
-1.367177864298979520e-07
-1.850312202812993390e-07
-2.380358209900958482e-06
-1.737062997227446330e-06
-1.156588997654139320e-04
-1.199530831735660247e-04
-8.528665009123786360e-05
-1.204647024527016419e-04
-3.998659125844387702e-05
-1.115938630473410588e-04
-6.222536154863642609e-04
-7.937544378240530846e-04
-4.189980754881669593e-03
-4.975010559556769171e-03
-4.966063531807752944e-03
-3.592129036131972309e-03
-1.382338755915842390e-04
-1.975745533156372330e-06
-2.485065694035770626e-06
-4.202128190105939311e-07
-3.868783138603820333e-09
-2.691832565877045076e-09
-1.587332084925636381e-10
-3.240115130004972769e-24
0.000000000000000000e+00
-3.550100705073583518e-32
-5.287882767336395124e-15
-2.118096710191983390e-08
-2.282542986087019528e-08
-8.922096488304809047e-08
-2.114739791555025073e-05
-6.646793207301811461e-06
-6.319226435509564879e-05
-1.767978805768156698e-04
-1.934934634470615556e-04
-6.790602270820269226e-05
-1.167850368128466222e-04
-2.527867424833219650e-04
-7.684049107890310922e-04
-6.694026587087345158e-04
-4.066030939656667571e-03
-4.966001193068875393e-03
-4.965933767464880341e-03
-3.023192094627717621e-03
-1.455263032898493808e-06
-2.418630835181602763e-06
-2.027721865488978664e-06
-8.539177549763417560e-07
-3.892540053807136300e-09
-3.120247172414429223e-09
-8.164579721388145012e-14
-1.852265552647036606e-15
0.000000000000000000e+00
0.000000000000000000e+00
-3.112007264897274095e-14
-2.643046864755200573e-08
-1.953806031282238510e-08
-9.004842069671540624e-07
-4.872883460438143314e-05
-3.298607805636909294e-05
-1.470683746526225941e-05
-2.937961369040472865e-05
-1.610049156063507122e-04
-1.889668521633130517e-04
-2.195675764956011146e-04
-4.536046935819637018e-04
-7.280379769634164793e-04
-4.757926489531268599e-04
-4.044741435348858660e-03
-4.966470842025294714e-03
-4.966637567119150561e-03
-2.376173804449131528e-03
-1.869256636257694604e-06
-2.506000776499792720e-06
-9.950224489325912274e-07
-8.054958306606510439e-07
-3.701657843011191487e-09
-3.065139747449701615e-09
-2.955535507097059379e-12
-1.043222460120364540e-09
-2.603299925634303158e-10
-5.678775379098023141e-15
-2.608200284769320198e-14
-2.639357747081432236e-08
-2.496146816683597807e-08
-2.123286881341197012e-07
-2.178951022459350598e-05
-5.477717342886904501e-05
-5.300374311699255629e-05
-3.457223252764844257e-05
-9.630229044019042613e-05
-2.371753603374373296e-04
-2.656370600646090394e-04
-4.059668678927740417e-04
-6.742854938860001843e-04
-4.208415272321432837e-04
-4.039110460262223569e-03
-4.967197585362366670e-03
-4.966680988980366578e-03
-5.892580475007131629e-04
-1.478666649006767964e-06
-2.261569504550503648e-06
-4.347943092329029897e-07
-2.585876423549392147e-07
-4.501246709614601630e-09
-2.889323330238282458e-09
-1.619754476558895664e-08
-4.134084153556824042e-09
-4.197821130085310605e-09
-2.835895843460882036e-14
-1.550585202567794112e-13
-1.525651099221168610e-08
-2.680166383699478543e-08
-5.194931130883803356e-08
-7.424331131461553510e-07
-2.546275786589205986e-05
-5.915682921456112491e-05
-1.559620324961281522e-04
-2.658993695714672841e-04
-3.527577074089589229e-04
-2.932723530668772957e-04
-3.344133468869446633e-04
-5.861303658567371859e-04
-3.830567277511367510e-04
-4.037362179502354889e-03
-4.965836292899359662e-03
-4.965783097647235439e-03
-5.889866732032379487e-04
-1.786998063586469375e-06
-1.673967815748698578e-06
-4.424870364993247397e-07
-2.101470837613566026e-08
-5.055847906319813138e-09
-3.022475943724792021e-09
-7.117372242109599747e-12
-1.399998231186828525e-11
-3.436088887774280402e-09
0.000000000000000000e+00
-2.349437239964449072e-15
-2.390460858841865218e-12
-7.303146741331853337e-09
-3.230732677753042381e-08
-2.018465127658347517e-06
-2.070074056313038740e-04
-2.488314498232057324e-04
-3.161324572914027712e-04
-3.849863975201456832e-04
-2.508308938645251044e-04
-2.044673597908965447e-04
-2.618971851234985380e-04
-5.182810587347346258e-04
-3.261669605859698375e-04
-4.034431943247595263e-03
-4.965817092952825966e-03
-4.965766746334113364e-03
-5.892858856096574874e-04
-1.778337805102155144e-06
-1.457801642752658090e-06
-4.615768219723919610e-07
-2.128569645301549967e-08
-5.128370117131418555e-09
-5.751346830367647599e-09
-1.486859664747338849e-10
-4.199406028363761448e-11
-7.138586936392134787e-10
-2.815530808489451343e-15
-5.165585992363717100e-15
-4.479244712980585717e-09
-2.211791696614063904e-10
-3.503595462777548646e-08
-4.863325264435546885e-05
-1.816663896298887694e-04
-2.391288559105825804e-04
-2.611079729368999966e-04
-1.871723491630393997e-04
-2.132785209624234960e-04
-1.486694861024337596e-04
-2.455612352697220417e-04
-4.600019981080477388e-04
-3.087369361861923094e-04
-4.046297692771373168e-03
-4.966740137065168113e-03
-4.965787666116930864e-03
-5.895239891434106254e-04
-1.618321371433277203e-06
-1.065056156444471607e-06
-4.667149087901546760e-07
-2.318094412878817293e-08
-5.251297716463713162e-09
-2.919923184507754833e-08
-1.092361423225517788e-11
-2.972353133079385004e-16
0.000000000000000000e+00
-2.727545470724158873e-15
-8.924924136925823571e-16
-4.419431105328478146e-09
-4.030222328540219370e-09
-4.820182001956471338e-08
-3.945551067463859743e-05
-5.689921438205561077e-05
-1.461635975282082173e-04
-1.684217111395716604e-04
-1.503164666524193453e-04
-9.810734658266942519e-05
-1.003157463460479430e-04
-2.569238066203471688e-04
-4.007136336477683941e-04
-2.995837390755628701e-04
-4.072752109885176275e-03
-4.967489629906745967e-03
-4.965838885113303160e-03
-5.898717209742378349e-04
-1.030755055875942667e-06
-7.670971305838861728e-07
-6.157264743065994467e-07
-1.162696676193560013e-07
-9.284694104938797841e-09
-3.486200840427046297e-09
-3.437693327421801835e-12
-1.576062956937847637e-16
0.000000000000000000e+00
0.000000000000000000e+00
0.000000000000000000e+00
-1.427660581645951242e-14
-3.597633111738507116e-09
-1.562486053628511615e-07
-3.711254700107844513e-05
-1.236467424243368671e-04
-1.213986455134822315e-04
-7.283357642415676388e-05
-4.584431657925923707e-05
-5.983259194202959210e-05
-9.286326414481795206e-05
-2.325909891377398895e-04
-3.206156665158901202e-04
-2.544435647251818496e-04
-4.074783337192681119e-03
-4.968002576371295317e-03
-4.965838226786360721e-03
-5.899179664175621023e-04
-7.345916968515831819e-07
-7.253897022326317658e-07
-8.334649569483954527e-07
-4.311398767488488666e-07
-8.408317683987692748e-09
-6.507146570402628545e-09
-3.996857495701133740e-16
-1.442415327561390172e-16
0.000000000000000000e+00
0.000000000000000000e+00
0.000000000000000000e+00
-1.004082894365978968e-09
-1.429939711461880719e-09
-4.253599718430860183e-05
-1.167340367246298450e-04
-6.443495185585379405e-05
-7.951961080596122846e-06
-9.781188384820196243e-06
-1.536237553851526588e-05
-2.401569701240744323e-05
-4.939708555989728308e-05
-8.701713071996325269e-05
-9.412905452317069327e-05
-5.485577271069085227e-05
-4.028216153282579599e-03
-4.966432025879475437e-03
-4.965901635530249082e-03
-5.901704580881999640e-04
-5.805832493430542810e-07
-4.833698803349718924e-07
-9.395161925109391033e-07
-4.668297999384541305e-07
-1.324823718496182677e-08
-4.705298839580311799e-09
-7.499511754386583843e-13
-1.297992419028352929e-13
0.000000000000000000e+00
0.000000000000000000e+00
0.000000000000000000e+00
-1.189257642686336436e-17
-1.379780711342457415e-08
-1.175711801052782421e-04
-2.539971362602506559e-05
-1.133986682617858541e-08
-4.440298548636553727e-07
-6.813398035563734973e-07
-8.009598319418540928e-08
-1.260703058478543474e-06
-2.185432530615864072e-07
-2.189341650997691487e-08
-7.182286390536576375e-08
-5.089770498783941150e-08
-2.885239293979463548e-03
-4.965750586323043614e-03
-4.965760326446051233e-03
-5.896644265845130996e-04
-5.576267472705095039e-07
-1.224730955526469522e-07
-4.793529331212312327e-07
-2.241758354999804858e-07
-2.279994493553243498e-10
-8.829180004888704805e-18
-1.426809459396157004e-35
0.000000000000000000e+00
0.000000000000000000e+00
0.000000000000000000e+00
0.000000000000000000e+00
0.000000000000000000e+00
-1.962500408251503435e-18
-6.158123376380746546e-13
-1.106152515248467567e-09
-9.154712783108943128e-09
-5.538844297240319508e-09
-3.038846834042419089e-10
-6.609757799426431107e-11
-1.221866815069988383e-07
-6.934961420303355756e-08
-8.590275001997540980e-12
-1.598405982464914249e-11
-1.212464607133372570e-11
-3.925494226781254360e-05
-2.963748061811903676e-03
-4.965750064866497268e-03
-5.888241320434515298e-04
-2.888818754487541145e-11
-2.376550550415656239e-11
-8.853915119137768893e-11
-1.085372759732551298e-10
-4.681503996501329014e-12
-3.639481546168808104e-23
-1.892992055264409162e-23
0.000000000000000000e+00
0.000000000000000000e+00
0.000000000000000000e+00
0.000000000000000000e+00
0.000000000000000000e+00
0.000000000000000000e+00
-1.693020332629814312e-22
-1.484519736564771716e-20
-1.389936477641951875e-17
-4.005887864289479208e-17
-1.608231172705744479e-15
-1.346083531240145637e-14
-1.182026920400343362e-13
-5.915320343173850254e-14
-6.334171097448467994e-15
-3.590771209921704637e-14
-8.384363256791074916e-14
-9.803902060442681367e-15
-9.286783878510376843e-17
-6.195734142303896716e-17
-1.219401372261706670e-16
-2.717835800073754034e-12
-8.591524401188418468e-12
-4.090724769190674380e-11
-1.250708541012785493e-10
-2.857752503584782918e-11
0.000000000000000000e+00
0.000000000000000000e+00
0.000000000000000000e+00
0.000000000000000000e+00
