0.000000000000000000e+00
0.000000000000000000e+00
0.000000000000000000e+00
0.000000000000000000e+00
0.000000000000000000e+00
0.000000000000000000e+00
0.000000000000000000e+00
0.000000000000000000e+00
0.000000000000000000e+00
0.000000000000000000e+00
0.000000000000000000e+00
0.000000000000000000e+00
0.000000000000000000e+00
0.000000000000000000e+00
0.000000000000000000e+00
0.000000000000000000e+00
0.000000000000000000e+00
0.000000000000000000e+00
0.000000000000000000e+00
0.000000000000000000e+00
0.000000000000000000e+00
0.000000000000000000e+00
0.000000000000000000e+00
0.000000000000000000e+00
0.000000000000000000e+00
0.000000000000000000e+00
0.000000000000000000e+00
0.000000000000000000e+00
0.000000000000000000e+00
0.000000000000000000e+00
0.000000000000000000e+00
0.000000000000000000e+00
0.000000000000000000e+00
0.000000000000000000e+00
0.000000000000000000e+00
0.000000000000000000e+00
0.000000000000000000e+00
0.000000000000000000e+00
0.000000000000000000e+00
0.000000000000000000e+00
0.000000000000000000e+00
0.000000000000000000e+00
-8.744167752618138260e-08
-2.186001089614967777e-07
-2.828950484180437293e-08
0.000000000000000000e+00
0.000000000000000000e+00
0.000000000000000000e+00
0.000000000000000000e+00
0.000000000000000000e+00
0.000000000000000000e+00
0.000000000000000000e+00
0.000000000000000000e+00
0.000000000000000000e+00
0.000000000000000000e+00
0.000000000000000000e+00
0.000000000000000000e+00
0.000000000000000000e+00
0.000000000000000000e+00
0.000000000000000000e+00
0.000000000000000000e+00
0.000000000000000000e+00
0.000000000000000000e+00
0.000000000000000000e+00
0.000000000000000000e+00
0.000000000000000000e+00
-1.037999516885106818e-10
-1.870948509431366700e-10
-6.510280246088110277e-11
-7.615038958217811783e-10
-5.995194330757501223e-08
-2.575074356427639051e-07
-9.077603982056045538e-08
-1.271949622450888571e-08
-5.285152592141130724e-08
-1.771266608876092724e-07
-8.836360162920527422e-08
-5.516129129926688335e-09
-3.107047246186133539e-09
-1.874926095938694003e-09
0.000000000000000000e+00
0.000000000000000000e+00
0.000000000000000000e+00
0.000000000000000000e+00
0.000000000000000000e+00
0.000000000000000000e+00
-5.646839896548418081e-16
-3.880919849017703980e-16
-2.354775834470525832e-08
-5.062772069614128161e-07
-5.121656255145696283e-07
-3.803114105993571005e-07
-2.831100642504322450e-07
-2.150633235202184188e-07
-2.571538434678648032e-07
-6.929412161903851341e-07
-6.872538827786127655e-07
-1.849577054087513356e-06
-5.693466853693620596e-06
-1.317649496164792833e-05
-1.245622958374212083e-05
-2.463889788064256136e-05
-2.599570884124623266e-05
-1.051908113302888961e-05
-5.568418241246403910e-06
-2.234446476533746988e-06
-5.613047927429010948e-07
-1.801577561985348639e-09
-4.059612952765768245e-10
-8.345451529924648473e-15
-2.048645728164584793e-15
0.000000000000000000e+00
0.000000000000000000e+00
-6.536007501400313083e-14
-7.602593348292611626e-11
-3.549028012599478779e-07
-2.010175901915937355e-06
-4.071755104172640039e-06
-9.426203959031478414e-06
-1.066558204554156405e-05
-1.241620889212661648e-05
-1.344349471667294312e-05
-1.618274132498089598e-05
-4.353043459226589308e-05
-1.112764472019539585e-04
-1.981959800856847244e-04
-2.127217410882339369e-04
-1.615247489570679075e-04
-7.778337810597007399e-05
-8.706435156040430142e-05
-9.140507729486368907e-05
-1.264057347547938796e-04
-1.646842080602086398e-04
-1.455150878153025067e-04
-5.489305987712989727e-05
-3.790176467932375600e-05
-6.472614230814050999e-06
-2.761879603633982623e-08
-1.353107558598747441e-10
0.000000000000000000e+00
0.000000000000000000e+00
0.000000000000000000e+00
-2.565413641464950428e-11
-4.132547642153245842e-09
-4.958390310592025246e-07
-3.661030272083575776e-06
-1.384984893194097704e-05
-4.381997158409004552e-05
-6.722626726295996915e-05
-7.719057015239614563e-05
-9.795084439086570939e-05
-1.887005523051831749e-04
-3.245495670935939119e-04
-4.613400396704422490e-04
-5.140862787359626665e-04
-3.158692751241700628e-04
-1.962062190909669244e-04
-1.468109664923578648e-04
-1.978069786272497899e-04
-2.403926775713334030e-04
-2.790337781997239905e-04
-1.586874892304264548e-04
-6.293252273377114504e-05
-9.884377690335494434e-06
-2.297306572082765841e-06
-6.495035279639827286e-08
-3.032828918395023264e-08
-2.880003475107349134e-12
0.000000000000000000e+00
-6.632715121473705489e-16
-1.612216887175025757e-06
-2.381405498368873546e-06
-4.980739148188582294e-06
-8.187676340004919267e-06
-2.142892091952937792e-05
-7.121783885299884256e-05
-1.272519108016286892e-04
-1.926850314639738714e-04
-2.684312408293307805e-04
-3.841016615140376402e-04
-5.236857935948443241e-04
-7.164913788778352281e-04
-7.407845948390156914e-04
-4.572361187055429786e-04
-2.845487063123506482e-04
-2.460916025185889348e-04
-2.827871504916151021e-04
-3.425771200669081268e-04
-2.350894335326456672e-04
-9.649722451188841776e-05
-2.784794900760685952e-05
-8.638117724854568004e-06
-2.428066491375465763e-06
-2.094615724141268048e-07
-1.240254319944601589e-08
-8.839725024413599117e-12
-6.992037862507509383e-18
-2.495409149437679215e-09
-1.223233282540370409e-06
-4.095339637081308482e-06
-3.427450759386189852e-05
-6.777442168012743967e-05
-1.209451311167197645e-04
-2.139914458106308886e-04
-2.517254190669473285e-04
-2.766258004128756970e-04
-3.090649731315550544e-04
-3.903637004250206256e-04
-5.182113969391746473e-04
-6.603316092760064954e-04
-7.876047256747298504e-04
-4.910816492430771429e-04
-2.824970272474040291e-04
-3.465602223067006517e-04
-5.638965278770567734e-04
-2.791453904110876606e-03
-3.913287764709148971e-03
-4.493324471791809542e-03
-1.068063390585171637e-04
-9.559241701675905468e-06
-3.024910261207222686e-06
-2.849741088938332911e-06
-1.911725754547876504e-09
-1.076455517285253247e-12
-2.841445173912628517e-17
-9.567292928954538809e-09
-1.528753817496260672e-06
-1.338259003683355015e-05
-4.687242459285520659e-05
-1.110862226985648841e-04
-1.645347607435185342e-04
-2.091470663845452355e-04
-2.119314574726244532e-04
-2.543521783087862543e-04
-2.855969161665834559e-04
-3.171044293026989316e-04
-3.922582654529540355e-04
-5.433093539062329447e-04
-7.944814680328002180e-04
-7.970229312758000603e-04
-2.424726585996524186e-03
-4.115048648627698050e-03
-5.295102598204699633e-03
-5.002055409002945270e-03
-5.019194567679625789e-03
-3.422565656379023425e-03
-1.616823086062208406e-05
-2.184710682667532624e-05
-2.015798041611479590e-05
-1.667523049956565773e-05
-1.530314181037192074e-07
-8.096792576423338068e-13
-6.048128354345595928e-14
-2.756863319196143145e-08
-8.077905219639608095e-07
-1.100195299317370943e-05
-4.150158269956375894e-05
-9.331567008344636861e-05
-7.501547598461596534e-05
-6.964131266926399419e-05
-9.757289194160542018e-05
-1.350487653392704729e-04
-1.449687171145781263e-04
-1.813501421332725080e-04
-5.372152420514785367e-04
-1.500916979494023359e-03
-3.981872060308110084e-03
-4.797361488667654071e-03
-5.380569842533073667e-03
-4.727991223052107131e-03
-1.606748663093301045e-03
-3.476943900338475349e-03
-5.022053079585620493e-03
-1.312456401516824385e-03
-5.878226871424513075e-05
-4.631868197806657478e-05
-3.623632015838409417e-05
-5.318062205198563125e-06
-2.553701213245391225e-06
-4.244720947267842467e-08
-1.697860732476222976e-13
-2.864663368584763693e-08
-1.087903342070786087e-07
-2.989933958264272689e-06
-1.223954811508024920e-05
-3.123032239732396347e-05
-2.865142691756465836e-05
-4.122777802618249825e-05
-7.011487519467504606e-05
-4.832703624874917911e-04
-1.687467508144176263e-03
-2.852439226936964896e-03
-4.727383780937550670e-03
-5.289722704399685456e-03
-5.246598165942022163e-03
-3.046484526581533930e-03
-1.652527102225833690e-03
-5.747605126656406315e-04
-6.639575646955620794e-04
-4.727732430209076811e-03
-4.907889642897232327e-03
-3.811300300349687933e-04
-1.273801122684671636e-04
-1.333019194234517642e-04
-1.696769871138043039e-04
-1.438458139931077294e-04
-1.471298214266598157e-05
-3.917039186071779588e-11
-3.620715925138999478e-12
-2.634756191237105572e-09
-5.293807559944829525e-08
-5.310446446559880878e-07
-2.074637609534692893e-06
-3.635172531008880629e-04
-1.568549325481088507e-03
-3.222649720856493594e-03
-4.077459373608053640e-03
-4.649029991205736248e-03
-5.080631724983434780e-03
-5.107682932989485690e-03
-4.617990191706391849e-03
-3.419959965380726941e-03
-1.253963229514327548e-03
-8.075621622257402781e-04
-8.110344253606552008e-04
-6.342276296881460378e-04
-3.386372584381821052e-03
-5.302326744804194449e-03
-2.496172166157437262e-03
-3.667775598470659928e-04
-3.626531236529003093e-04
-3.529117888065125904e-04
-2.971919433319588602e-04
-1.402450967129306291e-04
-1.332744031322052555e-05
-1.916812911084373614e-11
-4.504991126668909502e-13
-1.175611748632899552e-09
-8.298962438739801259e-09
-1.390793856280652072e-07
-1.337350910676796947e-03
-4.111634709756954026e-03
-4.998966171241174539e-03
-5.003523574473439477e-03
-4.835268157336571927e-03
-3.222701874731757204e-03
-1.095510479102569960e-03
-2.035221403770610081e-03
-6.428231967752882784e-04
-6.998759643068976554e-04
-1.360614980973946179e-03
-1.191490412662955366e-03
-8.459840855593236605e-04
-2.080957556314353991e-03
-5.281326413936869406e-03
-4.415440727975560552e-03
-4.717219790720218395e-04
-1.495490677469389596e-04
-8.704116344364465460e-05
-5.749840932149150713e-05
-3.707827513767810948e-05
-1.062375915691716294e-06
-1.578066390523799723e-10
-7.127185304252068301e-11
-3.302654886346288054e-10
-4.440300824356929334e-10
-3.774505332206691751e-09
-5.894568872914622977e-05
-2.573968727877507228e-03
-3.284937457160494283e-03
-2.268106210102627338e-03
-1.490499576493730088e-03
-5.653937216861954764e-04
-1.390494443769785227e-04
-3.365328997732811196e-04
-5.467956672457249118e-04
-6.348306091902208024e-04
-9.113236007425720231e-04
-1.524017395121432441e-03
-1.012934751667717709e-03
-7.397133211274637288e-04
-4.569857285750788568e-03
-4.530208851980459250e-03
-7.924201749575405943e-04
-2.354987266139658620e-05
-1.562907787297797258e-05
-5.901921224421632776e-06
-3.059269641592073878e-06
-1.991895093190181161e-06
-1.042256164469153098e-06
-4.483181537076245759e-11
0.000000000000000000e+00
-2.961823705859093526e-09
-4.085392071300611554e-10
-3.072722033999350701e-09
-2.395455078466052533e-07
-2.911669372159178955e-06
-7.097334304315905737e-06
-1.026209545201843862e-05
-3.839120683957021672e-05
-2.007098161762514265e-04
-3.171238990937682873e-04
-4.188606210261581358e-04
-4.445378762328525005e-04
-4.288380546454074104e-04
-8.138850565516828018e-04
-1.390070462419498720e-03
-6.859885499458617504e-04
-3.267389074997280839e-03
-5.237702101389179500e-03
-1.648549725646412554e-03
-1.201015567999710328e-04
-3.510851070262800406e-05
-2.018995844030001128e-05
-4.486570835580642499e-06
-1.759644021040870161e-06
-1.207197064581071591e-06
-2.852720218872395864e-09
-3.212110474896213590e-24
0.000000000000000000e+00
-9.698009253012161515e-10
-3.289184842151068151e-13
-1.645820484627320288e-10
-1.438384478870427876e-07
-1.800318451195009493e-06
-1.131299439020794841e-05
-8.877381832868174965e-06
-1.630626866096034067e-04
-1.837140075240561359e-04
-2.208719704245915754e-04
-3.351288366084962051e-04
-3.217577943737466757e-04
-4.664563772269938037e-04
-8.980177222771769559e-04
-1.253181850967502757e-03
-2.998417215202119328e-03
-5.143440207451663478e-03
-3.298285474165464897e-03
-5.231755884206697920e-04
-1.528448772846683745e-04
-4.651589882875661305e-05
-2.885353285347986240e-05
-6.790156537997366903e-06
-1.765919473507744286e-06
-1.511380239146564908e-06
-6.655936105129201881e-09
-2.162912264045740761e-16
0.000000000000000000e+00
-1.387724449768088683e-15
-6.078405253519215916e-13
-2.629730841741548332e-10
-3.668342812825935670e-09
-1.080888237393667506e-07
-6.179351811029111627e-05
-1.169289217887095707e-05
-8.519057994072012387e-05
-2.378426476992972084e-04
-3.404777010523058335e-04
-2.062988056553469835e-04
-3.481792241743111144e-04
-6.099932547470986047e-04
-7.592147590788943853e-04
-2.247508922539689664e-03
-5.400535735951084507e-03
-4.290467136769086573e-03
-6.815210103063656065e-04
-2.580163280150440182e-04
-1.719421510192718913e-04
-6.169090258578595126e-05
-3.474313780793591625e-05
-1.299958443534196625e-05
-3.471928039203259871e-06
-1.624117977427916950e-06
-1.751848736778613756e-08
-2.418462399473808065e-12
0.000000000000000000e+00
0.000000000000000000e+00
-5.156589421750428329e-11
-7.647138069906678732e-10
-1.611070453776733092e-08
-2.710245390333473714e-07
-7.536568963326320948e-05
-8.104910735900486762e-05
-5.458796965208992212e-05
-8.933311707500025457e-05
-3.204108033454176169e-04
-3.798896292997300098e-04
-5.436926656104386444e-04
-6.850247150375547798e-04
-1.225008721901494398e-03
-5.164235256790213752e-03
-5.229013334578711328e-03
-9.545173097572651894e-04
-3.544067671162568368e-04
-3.188935374842788158e-04
-1.803975993265249326e-04
-6.661698172434512817e-05
-3.446342465235682225e-05
-1.952171063405155131e-05
-4.860144908860838862e-06
-1.553116723982643343e-06
-3.600421672406427610e-08
-7.410016408517236722e-10
-8.943266669201888622e-12
-2.170506385599029754e-14
-1.343595540110465864e-10
-1.945511437255336186e-09
-5.461356764067300311e-08
-7.355902539486158111e-07
-1.967946583049498587e-05
-7.310258252192412224e-05
-9.475165628136664121e-05
-9.221164065708370070e-05
-2.147211993774408737e-04
-5.013945206661698508e-04
-5.660962247352476460e-04
-6.481519563302718312e-04
-4.283159823410431777e-03
-5.511907895906571070e-03
-2.195958938940125761e-03
-2.843781856876246260e-04
-3.735969591062813394e-04
-3.500801255386694756e-04
-1.776167072998856137e-04
-6.726423140469141402e-05
-3.196634501949617324e-05
-2.350908167437678668e-05
-7.209617635213077165e-06
-1.075110485224921455e-06
-2.820184961385861877e-08
-3.935224446094153810e-10
-1.442101750711104325e-10
-1.085250510120304259e-13
-3.373169152441786900e-10
-8.311590542586460852e-08
-2.254565050346078169e-07
-5.161123394112909245e-07
-3.677278295405932142e-06
-2.813375194467687679e-05
-4.916852278380904820e-05
-1.452533519198205959e-04
-3.939175688955041943e-04
-6.400360830204030209e-04
-6.033141843730527179e-04
-3.218164688234885669e-03
-5.169292062876740083e-03
-3.224775202242867022e-03
-5.508334773272908960e-04
-3.571314303234760239e-04
-3.704542300090202809e-04
-3.452404494000812433e-04
-1.698456521152061111e-04
-6.391914828774105013e-05
-3.330467778871578954e-05
-1.971460594075969373e-05
-8.221295456540621312e-06
-1.650956923064409302e-06
-9.336423133122317371e-08
-6.732072447085075753e-11
-7.164988465950203023e-10
0.000000000000000000e+00
-5.349979166967427858e-10
-7.146576939993000276e-08
-2.898039057356417537e-07
-8.476492192866366600e-07
-3.603994878045123120e-06
-2.405427522076342898e-04
-3.049075209427186363e-04
-4.325893300104685928e-04
-5.844203557598667614e-04
-6.030596225962169595e-04
-1.224708135864196979e-03
-4.968050727274859156e-03
-4.274228237452255483e-03
-7.416306530965441433e-04
-5.615738066944747815e-04
-5.018099513348789082e-04
-3.988390615771841147e-04
-3.112521290983305848e-04
-1.628916337736354835e-04
-7.390998120909238374e-05
-3.287796803053261559e-05
-1.289411249029038505e-05
-5.495669419649096475e-06
-2.191103303899887264e-06
-1.434966063998090953e-06
-1.603523837297711320e-10
-2.372316817944223981e-09
-3.282316540317979367e-16
-5.036232448303782862e-10
-9.357074845105825976e-09
-1.402659681839020329e-07
-1.722285251534938976e-06
-8.864474835714925330e-06
-1.531745669397123065e-04
-2.671215688887697433e-04
-3.925682434045223808e-04
-4.863908416241211541e-04
-4.063571076633771140e-04
-3.958150120090022685e-03
-5.028161367215570193e-03
-1.820283035747692797e-03
-3.980557049162750604e-04
-6.650910183538233768e-04
-6.053423271625558684e-04
-4.374706177949104144e-04
-2.597142580194045352e-04
-1.239805771660296119e-04
-7.305282722506586317e-05
-2.715379768631570891e-05
-7.675727355688159495e-06
-2.293279347080181693e-06
-1.245233209891114270e-06
-5.659086030172130374e-08
-2.271565111953298187e-11
0.000000000000000000e+00
-3.179744148433041325e-16
-1.226394957879744505e-10
-7.247462439365049364e-09
-4.362157686901557209e-09
-1.836331066457478189e-06
-1.136092602861045486e-05
-4.439018999088089744e-05
-1.697319074680093249e-04
-3.712283322424632273e-04
-4.101401853502681469e-04
-2.121008084719479443e-03
-5.020774585683585381e-03
-2.885533072491459038e-03
-2.225394266878747622e-04
-4.930157726674590625e-04
-7.547516195473578720e-04
-6.023582419492287676e-04
-4.524071663330712792e-04
-1.894221144780690227e-04
-9.617069107804061422e-05
-5.859088249014279690e-05
-1.572534675953088205e-05
-4.013294023948681343e-06
-8.390902378485185282e-07
-3.004410845238424544e-08
-3.715181902208256844e-09
-1.248703206538569947e-10
0.000000000000000000e+00
0.000000000000000000e+00
0.000000000000000000e+00
-7.289630624372778695e-10
-3.468591869588523729e-09
-2.226402816873105391e-07
-1.217896235469974854e-05
-5.460053462948627679e-05
-1.940648151078599559e-04
-3.255697813946393138e-04
-8.366075701936970081e-04
-4.507628736164596799e-03
-3.913470244986754464e-03
-4.569833295550024808e-04
-3.409465249503203666e-04
-5.565989849646203356e-04
-6.864533555973945838e-04
-4.909294916663392355e-04
-3.683725063678716270e-04
-1.201944862102684390e-04
-6.922589925663866510e-05
-2.914837608728777993e-05
-6.817058335338970383e-06
-2.603967511913624944e-06
-6.378158325362196051e-07
-7.440488154807863944e-08
-2.404408063978414920e-09
-1.646247786376335827e-09
0.000000000000000000e+00
0.000000000000000000e+00
0.000000000000000000e+00
-6.423933472599740430e-11
-1.182461867821037858e-09
-2.436359482377807042e-06
-8.123852783318435028e-06
-8.833513009817594604e-06
-1.564915588298060483e-05
-3.772345167002794867e-05
-3.199597981002494287e-03
-5.015911897450824226e-03
-1.568689023901225681e-03
-1.729375302766904927e-04
-2.941024738862179429e-04
-3.334558208471653839e-04
-3.489164648620825347e-04
-2.949550469514481115e-04
-2.022261852889030475e-04
-9.509196399707891384e-05
-4.110554794107030446e-05
-8.484977472232151921e-06
-3.573043289267485955e-06
-1.671277373916553356e-06
-5.880710123258462851e-07
-6.202846383510966479e-08
-1.560388081763122673e-12
-2.700647623067369896e-13
0.000000000000000000e+00
0.000000000000000000e+00
0.000000000000000000e+00
-1.345182293609213083e-13
-7.755898491501980330e-08
-6.622185253299805267e-06
-1.613183371343868056e-06
-4.676534363083757039e-08
-2.267091778493242794e-07
-2.887142850103560122e-03
-4.948656561591363752e-03
-2.775005670312045546e-03
-5.522373771754893732e-05
-6.795185996840462036e-05
-1.223132545415685202e-04
-1.307447574611922056e-04
-1.358636682911951795e-04
-1.130353489034962276e-04
-9.060426511300450876e-05
-4.624695925037766801e-05
-1.256744589114468580e-05
-4.001242583606154466e-06
-1.163116162663507062e-06
-8.873301696964819693e-07
-2.804258520338863124e-07
-1.122930241522163626e-10
-7.308987129722332171e-18
0.000000000000000000e+00
0.000000000000000000e+00
0.000000000000000000e+00
0.000000000000000000e+00
0.000000000000000000e+00
-1.318384788286892396e-17
-8.929864018959432891e-15
-1.565852811694215647e-10
-4.070055191432387910e-09
-4.644788140634533423e-08
-3.670359794619538780e-03
-4.082520991099810800e-03
-3.731198991308894153e-04
-1.512317306224280899e-05
-2.955096310438309993e-05
-3.138499810688636906e-05
-5.612918518374200903e-05
-5.447656253196540415e-05
-3.928266390768182895e-05
-3.224490255289434498e-05
-1.733886864160528231e-05
-5.606958960264941796e-06
-2.433468160789881716e-06
-1.045762295200968019e-06
-4.428227536790949258e-07
-1.276887106554275959e-08
-9.627306238939758447e-16
-5.323714676023663601e-27
0.000000000000000000e+00
0.000000000000000000e+00
0.000000000000000000e+00
0.000000000000000000e+00
0.000000000000000000e+00
0.000000000000000000e+00
-4.602414560227154077e-22
-9.270681785402266309e-21
-3.420525908958195810e-16
-1.047995076960438831e-15
-4.905077852164220382e-10
-4.373315239709917936e-09
-1.074741892151781960e-08
-1.368769996643546436e-08
-4.530912228305226622e-06
-1.200524079816862375e-05
-2.259682581069923717e-05
-3.609484795183654030e-06
-2.773368324616393783e-07
-4.622100946117246314e-07
-1.914713128372253393e-07
-9.304202631061681060e-09
-2.636068539963777437e-09
-6.220618707282915808e-09
-5.952427360348329598e-09
-5.877186352068087316e-10
0.000000000000000000e+00
0.000000000000000000e+00
0.000000000000000000e+00
0.000000000000000000e+00
