0.000000000000000000e+00
0.000000000000000000e+00
0.000000000000000000e+00
0.000000000000000000e+00
0.000000000000000000e+00
0.000000000000000000e+00
0.000000000000000000e+00
0.000000000000000000e+00
0.000000000000000000e+00
0.000000000000000000e+00
0.000000000000000000e+00
0.000000000000000000e+00
0.000000000000000000e+00
0.000000000000000000e+00
0.000000000000000000e+00
0.000000000000000000e+00
0.000000000000000000e+00
0.000000000000000000e+00
0.000000000000000000e+00
0.000000000000000000e+00
0.000000000000000000e+00
0.000000000000000000e+00
0.000000000000000000e+00
0.000000000000000000e+00
0.000000000000000000e+00
0.000000000000000000e+00
0.000000000000000000e+00
0.000000000000000000e+00
0.000000000000000000e+00
0.000000000000000000e+00
0.000000000000000000e+00
0.000000000000000000e+00
0.000000000000000000e+00
0.000000000000000000e+00
0.000000000000000000e+00
0.000000000000000000e+00
0.000000000000000000e+00
0.000000000000000000e+00
0.000000000000000000e+00
0.000000000000000000e+00
0.000000000000000000e+00
0.000000000000000000e+00
0.000000000000000000e+00
0.000000000000000000e+00
0.000000000000000000e+00
0.000000000000000000e+00
0.000000000000000000e+00
0.000000000000000000e+00
0.000000000000000000e+00
0.000000000000000000e+00
0.000000000000000000e+00
0.000000000000000000e+00
0.000000000000000000e+00
0.000000000000000000e+00
0.000000000000000000e+00
0.000000000000000000e+00
0.000000000000000000e+00
0.000000000000000000e+00
0.000000000000000000e+00
0.000000000000000000e+00
0.000000000000000000e+00
0.000000000000000000e+00
0.000000000000000000e+00
0.000000000000000000e+00
0.000000000000000000e+00
0.000000000000000000e+00
0.000000000000000000e+00
0.000000000000000000e+00
-2.944120591179415257e-04
-4.808730298926378217e-03
-1.158020765863903168e-03
0.000000000000000000e+00
0.000000000000000000e+00
0.000000000000000000e+00
0.000000000000000000e+00
0.000000000000000000e+00
0.000000000000000000e+00
0.000000000000000000e+00
0.000000000000000000e+00
0.000000000000000000e+00
0.000000000000000000e+00
0.000000000000000000e+00
0.000000000000000000e+00
0.000000000000000000e+00
0.000000000000000000e+00
0.000000000000000000e+00
0.000000000000000000e+00
0.000000000000000000e+00
0.000000000000000000e+00
-8.832361773538243603e-04
-4.573200651632023869e-03
-4.985377534397142027e-03
-4.985377534397142027e-03
-4.985377534397142027e-03
-5.103142358044318767e-03
-7.929498125576556200e-03
-1.230642407112995419e-02
-1.972560796090208277e-02
-2.602602602602602233e-02
-1.725254666431137382e-02
-1.548607430960372185e-02
-1.829280260652809548e-02
-9.637088068460619369e-03
-1.042218689277512635e-02
-7.458438830987851841e-03
-4.278788592514082452e-03
-5.005005005005005829e-03
-5.005005005005005829e-03
-3.336670003336669830e-03
0.000000000000000000e+00
0.000000000000000000e+00
0.000000000000000000e+00
0.000000000000000000e+00
0.000000000000000000e+00
-1.001001001001000992e-03
-5.103142358044318551e-04
0.000000000000000000e+00
-1.903864648962688179e-03
-4.965750063789279092e-03
-1.044181436338299102e-02
-1.927417613692123874e-02
-3.562385915327091757e-02
-6.563426171269308440e-02
-1.311703860723468229e-01
-1.975504916681387335e-01
-2.626940666156352133e-01
-3.293293293293294566e-01
-3.236766177942649314e-01
-2.720759975661936614e-01
-2.090129345031306318e-01
-1.763920783528626912e-01
-1.506212094447388350e-01
-1.097568156391685867e-01
-7.389742683860331396e-02
-3.766511609648864195e-02
-2.137431549196254846e-02
-8.086517890439459677e-03
-1.962747060786276522e-05
0.000000000000000000e+00
0.000000000000000000e+00
0.000000000000000000e+00
0.000000000000000000e+00
-3.336670003336670155e-04
-2.512316237806433948e-03
-1.923492119570551113e-03
-6.339673006339672373e-03
-2.453433825982845665e-02
-4.583014386935953949e-02
-9.242575909242575771e-02
-1.698365031698364502e-01
-2.619678502031441703e-01
-3.755127676696304317e-01
-4.895091169600975789e-01
-5.992266776580505994e-01
-7.023494082317613962e-01
-7.123201633005554756e-01
-6.542032228306738917e-01
-5.498439616086675530e-01
-4.304304304304303330e-01
-3.385738679856327149e-01
-2.380615910027674142e-01
-1.639286345168697867e-01
-1.121709945239356965e-01
-6.924571630453985049e-02
-3.165911009048263947e-02
-6.869614712751967271e-03
0.000000000000000000e+00
0.000000000000000000e+00
0.000000000000000000e+00
0.000000000000000000e+00
-1.393550413158255999e-03
-6.908869653967692273e-03
-1.593750613358456414e-02
-3.004965750063789617e-02
-6.159100276747335456e-02
-1.212192584741604157e-01
-2.336650375866061446e-01
-3.696834088990952893e-01
-4.841900724253668242e-01
-6.061944297238417434e-01
-7.397397397397403873e-01
-9.150719346797783205e-01
-1.061198453355317373e+00
-1.154056016801116247e+00
-1.129207639011561737e+00
-9.742095036212686798e-01
-8.065909046301206198e-01
-5.959096351253210244e-01
-3.825982845590689130e-01
-2.406916720642210406e-01
-1.566860978625684575e-01
-9.837288268660814017e-02
-3.625193821272252453e-02
-4.965750063789279092e-03
0.000000000000000000e+00
0.000000000000000000e+00
0.000000000000000000e+00
-4.906867651965691373e-04
-7.595831125242890648e-03
-1.576085889811380120e-02
-4.139433551198257177e-02
-7.680229248856700053e-02
-1.481285206775402874e-01
-2.564721584329427984e-01
-3.889968399772320562e-01
-5.338475730632594729e-01
-6.450960764686255455e-01
-7.901627117313391180e-01
-9.894993032247939579e-01
-1.202261084614026476e+00
-1.398339515986577020e+00
-1.496378731672851625e+00
-1.504484877033899437e+00
-1.378653162966890111e+00
-1.091267738326564318e+00
-8.268660817680435482e-01
-5.858211152328798299e-01
-3.525878819996467461e-01
-1.859114015976761070e-01
-1.168815874698227592e-01
-4.685077234096840515e-02
-1.917603878388192407e-02
-4.219906180690494515e-03
-8.439812361380990332e-04
0.000000000000000000e+00
-4.475063298592710063e-03
-1.481874030893638901e-02
-3.295452315060157233e-02
-6.337710259278886427e-02
-1.339771143692712330e-01
-2.258140493434611373e-01
-3.585546330644370228e-01
-5.064672515652907103e-01
-6.269799210975681714e-01
-8.114192623996543396e-01
-1.021040648491629677e+00
-1.184910400596676183e+00
-1.336297081395123154e+00
-1.444424816973839842e+00
-1.528018214292726995e+00
-1.545310015898254674e+00
-1.447624094682921747e+00
-1.224597146165775419e+00
-9.725804235608174197e-01
-6.473532355885295297e-01
-3.918428232153723378e-01
-1.999450430822979630e-01
-1.179610983532552310e-01
-6.651749789004691993e-02
-3.319005279789594143e-02
-4.023631474611866037e-03
-1.236530648295354473e-03
0.000000000000000000e+00
-3.768474356709651356e-03
-1.130542307012895493e-02
-2.730181161553710614e-02
-6.702781212585136317e-02
-1.584918251584918891e-01
-2.657755795010697253e-01
-4.114702938232350782e-01
-6.024455828377397459e-01
-7.393668177981904677e-01
-9.238650415121012482e-01
-1.046713380046715214e+00
-1.068558754833265567e+00
-1.160984513925692241e+00
-1.285736717109267735e+00
-1.380733674851323700e+00
-1.421892480716013374e+00
-1.348426858230782344e+00
-1.185656244479775800e+00
-9.581934876052539130e-01
-6.429566821723691206e-01
-3.753164929635517955e-01
-2.016722604957899845e-01
-1.097371881685607065e-01
-5.615419340909538065e-02
-2.054996172643231908e-02
-1.030442206912795047e-02
-2.374923943551394707e-03
0.000000000000000000e+00
-2.944120591179415257e-04
-3.572199650631023311e-03
-2.225755166931636664e-02
-6.251349388604290902e-02
-1.306600718365424352e-01
-2.339594496457240713e-01
-3.793008694969481898e-01
-5.877249798818426907e-01
-7.408977605056044080e-01
-8.461010029637484609e-01
-8.697521050462224679e-01
-8.370331115429158197e-01
-9.127755206186590753e-01
-1.114899212938430528e+00
-1.257335767139690530e+00
-1.268327150680094162e+00
-1.196765392843825770e+00
-1.061885414826593266e+00
-8.578971127990732137e-01
-5.519441009637087170e-01
-2.792596518086715163e-01
-1.213566507684154805e-01
-5.711593946888063322e-02
-2.298376808180728828e-02
-1.472060295589707260e-02
-8.871616714753971858e-03
0.000000000000000000e+00
0.000000000000000000e+00
0.000000000000000000e+00
-9.421185891774128390e-04
-1.601601601601601588e-02
-4.408329898525977647e-02
-9.220985691573925502e-02
-2.060295589707355490e-01
-3.335296080394119511e-01
-5.354570256531043793e-01
-7.185028165420325186e-01
-8.059431981000614309e-01
-7.529490274588318544e-01
-7.466093544524923242e-01
-8.933835796580898991e-01
-1.133172388074350723e+00
-1.240789809417263134e+00
-1.238925199709515201e+00
-1.130130130130132082e+00
-1.004769475357711439e+00
-7.503778288092016746e-01
-4.689199002924496762e-01
-1.958429017252546478e-01
-6.785216589138158561e-02
-1.964709807847063103e-02
-9.087518891440458935e-03
-7.850988243145106196e-03
-5.652711535064477467e-03
0.000000000000000000e+00
0.000000000000000000e+00
0.000000000000000000e+00
-9.421185891774128390e-04
-9.323048538734812415e-03
-2.192388466898270716e-02
-7.046261948222731775e-02
-1.846944984199886397e-01
-3.228915189699505528e-01
-5.165557714577325710e-01
-7.280417672574538424e-01
-8.071208463365332486e-01
-7.750103044220694182e-01
-8.074741408074745941e-01
-1.031580600208051868e+00
-1.316178924022064711e+00
-1.416239769180949626e+00
-1.342891911519364267e+00
-1.182771006300419758e+00
-9.926789534632678436e-01
-6.970303636970306416e-01
-3.770633378476517805e-01
-1.369016074898427582e-01
-3.589864374178099171e-02
-7.615458595850752715e-03
-4.121768827651180710e-03
-4.533945710416298867e-03
-3.984376533396141035e-03
0.000000000000000000e+00
0.000000000000000000e+00
0.000000000000000000e+00
-9.421185891774128390e-04
-7.615458595850752715e-03
-2.429880861253410837e-02
-7.324972030854381977e-02
-1.741938016447819870e-01
-3.351194331586488939e-01
-5.445641720151522813e-01
-7.130660071836542047e-01
-7.976407780329354269e-01
-8.295354177707120469e-01
-9.185263695067628076e-01
-1.232546271761960188e+00
-1.468350703644824229e+00
-1.566723586331432605e+00
-1.448880252801825197e+00
-1.279024122161379173e+00
-1.052876405817583461e+00
-6.841351155076648149e-01
-3.434022257551669344e-01
-1.150169777620757700e-01
-2.300339555241515815e-02
-4.514318239808435065e-03
-2.159021766864903835e-04
-3.140395297258042435e-04
-1.766472354707649209e-04
0.000000000000000000e+00
0.000000000000000000e+00
0.000000000000000000e+00
-1.177648236471766049e-04
-6.084515888437456825e-03
-2.800840055742016485e-02
-7.766590119531298353e-02
-1.468331076174213268e-01
-2.774931794539639007e-01
-4.843667196608373859e-01
-6.230544269759957787e-01
-7.114369271232021674e-01
-7.818995466054292631e-01
-9.460244558283792404e-01
-1.276923982806337898e+00
-1.487114565545941236e+00
-1.550158001138395303e+00
-1.363461500716405039e+00
-1.272704076625647440e+00
-1.092641661269112774e+00
-6.744391450273808930e-01
-3.276806217982689562e-01
-1.134467801134467352e-01
-3.725293921372353073e-02
-8.341675008341677827e-03
-1.373922942550393498e-04
0.000000000000000000e+00
0.000000000000000000e+00
0.000000000000000000e+00
0.000000000000000000e+00
0.000000000000000000e+00
0.000000000000000000e+00
-1.923492119570551113e-03
-2.804765549863589072e-02
-7.040373707040374629e-02
-1.145262909968792348e-01
-2.101317003277787809e-01
-3.637559127755206623e-01
-4.637971304637975578e-01
-5.513552768454732522e-01
-6.606606606606609811e-01
-8.749730122279143485e-01
-1.169463581228288751e+00
-1.345090188227445971e+00
-1.358731280299910527e+00
-1.249465151425937615e+00
-1.168207423109384857e+00
-1.004180651239475530e+00
-6.688649433747475559e-01
-3.767100433767100465e-01
-1.294039137176392074e-01
-6.500618265324147049e-02
-3.075624644252095141e-02
-4.357298474945534190e-03
0.000000000000000000e+00
0.000000000000000000e+00
0.000000000000000000e+00
0.000000000000000000e+00
0.000000000000000000e+00
0.000000000000000000e+00
-6.732222418496927596e-03
-2.204164949262988130e-02
-5.752811635164576526e-02
-9.672417515554769529e-02
-1.471667746177549585e-01
-2.442049893030285024e-01
-3.188875149659464725e-01
-4.151798857681211485e-01
-5.486270584309802523e-01
-7.652161965887457340e-01
-1.010559579187032098e+00
-1.201299338554242757e+00
-1.223969067106323916e+00
-1.122043612239692401e+00
-1.028479459852009947e+00
-8.330683624801282772e-01
-6.450371940568022655e-01
-3.863471314451707439e-01
-1.831635557125753100e-01
-8.123810084594397518e-02
-4.398516163222045833e-02
-9.362303479950540019e-03
0.000000000000000000e+00
0.000000000000000000e+00
0.000000000000000000e+00
0.000000000000000000e+00
0.000000000000000000e+00
-1.079510883432452297e-03
-1.719366425248778849e-02
-3.676225244852696084e-02
-6.604643859545818174e-02
-8.176804255235628482e-02
-9.495770280084005199e-02
-1.534279377416632451e-01
-2.151367053327838397e-01
-2.857170896386582726e-01
-3.881136037998783594e-01
-6.053504484877034741e-01
-8.981726824864090242e-01
-1.106989342283461131e+00
-1.152211034563977776e+00
-1.044515103338634399e+00
-8.967791320732507732e-01
-7.334000667334008572e-01
-5.933384364756912888e-01
-3.661308367190719837e-01
-1.930165459577224407e-01
-9.727374433256787134e-02
-4.225794421872852702e-02
-1.193350212958056017e-02
0.000000000000000000e+00
0.000000000000000000e+00
0.000000000000000000e+00
0.000000000000000000e+00
0.000000000000000000e+00
-2.826355767532238734e-03
-2.789063573377298724e-02
-5.756737129286147031e-02
-1.022394943963571695e-01
-1.237119472413589771e-01
-1.358613515476260469e-01
-1.588254921588254931e-01
-1.776089815305502140e-01
-2.310742114663683067e-01
-3.583191034171426259e-01
-5.925729651219849847e-01
-9.163673477398976974e-01
-1.116881587469825465e+00
-1.130404914718642129e+00
-9.569177020157421110e-01
-7.924002433806364154e-01
-7.124183006535946827e-01
-5.329054544740821076e-01
-3.381616911028677008e-01
-1.934483503110954461e-01
-1.121317395827199775e-01
-5.110993346287463074e-02
-1.544681936838799771e-02
0.000000000000000000e+00
0.000000000000000000e+00
0.000000000000000000e+00
0.000000000000000000e+00
0.000000000000000000e+00
-3.925494121572553098e-03
-3.042257944218728846e-02
-6.767551865591081572e-02
-1.219062199454356288e-01
-1.744685862332920612e-01
-2.286404051109932889e-01
-2.476397966594044986e-01
-2.678757188561110558e-01
-3.106439773106440816e-01
-4.468978782704274844e-01
-6.915346719268286035e-01
-9.955445641720165328e-01
-1.141651455376947455e+00
-1.110110110110111403e+00
-9.120885591473837373e-01
-7.806237610159181273e-01
-6.647235470764882859e-01
-4.809907947162850306e-01
-3.078961314255433401e-01
-1.893265814834443339e-01
-1.038096920449861627e-01
-5.081552140375669713e-02
-1.411215136705332857e-02
0.000000000000000000e+00
0.000000000000000000e+00
0.000000000000000000e+00
0.000000000000000000e+00
0.000000000000000000e+00
-4.573200651632023869e-03
-2.300339555241515815e-02
-6.942236354001059262e-02
-1.423776717894364996e-01
-2.401421028872009478e-01
-3.366307483954540936e-01
-4.191446348309093017e-01
-4.556517301615343740e-01
-5.249759563485052460e-01
-6.679620797267854515e-01
-8.508901057920675859e-01
-1.118373275236022257e+00
-1.199788023317436503e+00
-1.121121121121122943e+00
-9.271232016330065440e-01
-7.934012443816366167e-01
-6.088637657265109082e-01
-4.000863608706746177e-01
-2.763940410999234931e-01
-1.498557380910322256e-01
-8.286718090639658141e-02
-4.435808357376982980e-02
-1.279711083632652235e-02
-2.414178884767120142e-03
0.000000000000000000e+00
0.000000000000000000e+00
0.000000000000000000e+00
0.000000000000000000e+00
-3.709591944886062986e-03
-1.754695872342931437e-02
-6.879428448055899259e-02
-1.398849830222379242e-01
-2.682290133270525123e-01
-3.937466878643348656e-01
-5.287444307052150405e-01
-6.373628530491282085e-01
-7.528508901057923142e-01
-9.487330467722633331e-01
-1.152878368564645095e+00
-1.312076782665020369e+00
-1.320673614791263883e+00
-1.191956662544898959e+00
-9.545624055427984755e-01
-7.673555908850032692e-01
-5.084299986260769622e-01
-3.279554063867789471e-01
-2.165891381577656483e-01
-1.122887593475829088e-01
-6.359300476947536696e-02
-2.873461696991108649e-02
-5.691966476280201602e-03
-2.963748061787277541e-03
0.000000000000000000e+00
0.000000000000000000e+00
0.000000000000000000e+00
0.000000000000000000e+00
-5.691966476280203337e-04
-9.224911185695497742e-03
-3.786139080256727130e-02
-1.046733007517321318e-01
-2.277964238748553250e-01
-3.772007301419064706e-01
-5.240534652299360108e-01
-6.922412608687119606e-01
-9.285952619285960941e-01
-1.145498439616088104e+00
-1.334589491452238930e+00
-1.393177491216709418e+00
-1.363932560010992834e+00
-1.172132917230958027e+00
-8.811556654693912805e-01
-6.267247639796660330e-01
-4.077999568195647684e-01
-2.574142770221200527e-01
-1.398653555516300440e-01
-7.132622818897328687e-02
-3.521168227050579941e-02
-5.888241182358829214e-03
0.000000000000000000e+00
0.000000000000000000e+00
0.000000000000000000e+00
0.000000000000000000e+00
0.000000000000000000e+00
0.000000000000000000e+00
0.000000000000000000e+00
-2.512316237806433948e-03
-1.890125419537184298e-02
-4.306267051365090387e-02
-1.171171171171171282e-01
-2.595144163771614942e-01
-4.440911499735027967e-01
-6.178138923236963231e-01
-8.647471000412179087e-01
-1.067655891185304462e+00
-1.175822881705235634e+00
-1.192525859192527626e+00
-1.114565545938095870e+00
-9.040805511393759097e-01
-6.301006889242183329e-01
-4.194586743606352197e-01
-2.664625409723449523e-01
-1.527606037409958428e-01
-8.149325796384618292e-02
-3.894090168599972923e-02
-1.336630748395454572e-02
-5.122769828652180835e-03
0.000000000000000000e+00
0.000000000000000000e+00
0.000000000000000000e+00
0.000000000000000000e+00
0.000000000000000000e+00
0.000000000000000000e+00
0.000000000000000000e+00
-1.373922942550393498e-04
-2.492688767198571013e-03
-6.830359771536241402e-03
-4.341596498459242975e-02
-1.323480343088186406e-01
-2.559029617853146865e-01
-3.978292017507703004e-01
-5.525132976113369399e-01
-6.274313529215492791e-01
-6.624663879565840796e-01
-6.832518793303109517e-01
-6.044475848397419249e-01
-4.803430881862253421e-01
-3.417338907534985815e-01
-2.396710435926122651e-01
-1.412000235529647096e-01
-8.901057920665762790e-02
-4.100178609982531308e-02
-1.324854266030736812e-02
-1.805727295923374156e-03
-2.590826120237884819e-03
0.000000000000000000e+00
0.000000000000000000e+00
0.000000000000000000e+00
0.000000000000000000e+00
0.000000000000000000e+00
0.000000000000000000e+00
0.000000000000000000e+00
0.000000000000000000e+00
0.000000000000000000e+00
-2.316041531727806337e-03
-1.952933325482344995e-02
-6.043298200160945183e-02
-1.541934090953699099e-01
-2.160395689807454722e-01
-2.910753891146047323e-01
-3.199277709081631560e-01
-3.114879585467820178e-01
-3.350605507468252253e-01
-2.766884531590415586e-01
-2.257944218728532293e-01
-1.712889359948183143e-01
-1.109737188168560817e-01
-8.325973031855382622e-02
-5.005005005005005309e-02
-3.275824844452294993e-02
-8.380929949557400227e-03
0.000000000000000000e+00
0.000000000000000000e+00
0.000000000000000000e+00
0.000000000000000000e+00
0.000000000000000000e+00
0.000000000000000000e+00
0.000000000000000000e+00
0.000000000000000000e+00
0.000000000000000000e+00
0.000000000000000000e+00
0.000000000000000000e+00
-1.962747060786276386e-04
-6.143398300261045629e-03
-1.562346660385876412e-02
-4.400478910282831085e-02
-6.602681112485034309e-02
-8.822548038234313827e-02
-1.029853382794559263e-01
-1.110326012286796532e-01
-1.299927378358750885e-01
-1.182751378829810240e-01
-9.536987968360519097e-02
-7.454513336866276652e-02
-4.651710534063476649e-02
-3.542758444719230210e-02
-2.133506055074681912e-02
-1.799839054741015493e-02
-5.593829123240887796e-03
-1.570197648629021218e-04
0.000000000000000000e+00
0.000000000000000000e+00
0.000000000000000000e+00
0.000000000000000000e+00
0.000000000000000000e+00
0.000000000000000000e+00
0.000000000000000000e+00
0.000000000000000000e+00
0.000000000000000000e+00
0.000000000000000000e+00
0.000000000000000000e+00
0.000000000000000000e+00
0.000000000000000000e+00
0.000000000000000000e+00
-7.850988243145106088e-05
-6.300418065123948239e-03
-9.970755068794284054e-03
-1.301301301301301463e-02
-1.772360595890007384e-02
-1.807690042984160667e-02
-2.327818014092524271e-02
-1.328779760152309225e-02
-3.513317238807435374e-03
-8.636087067459615341e-04
-1.373922942550393498e-04
-3.788101827317513857e-03
-5.495691770201573990e-04
0.000000000000000000e+00
0.000000000000000000e+00
0.000000000000000000e+00
0.000000000000000000e+00
0.000000000000000000e+00
0.000000000000000000e+00
