0.000000000000000000e+00
0.000000000000000000e+00
0.000000000000000000e+00
0.000000000000000000e+00
0.000000000000000000e+00
0.000000000000000000e+00
0.000000000000000000e+00
0.000000000000000000e+00
0.000000000000000000e+00
0.000000000000000000e+00
0.000000000000000000e+00
0.000000000000000000e+00
0.000000000000000000e+00
0.000000000000000000e+00
0.000000000000000000e+00
0.000000000000000000e+00
0.000000000000000000e+00
0.000000000000000000e+00
0.000000000000000000e+00
0.000000000000000000e+00
0.000000000000000000e+00
0.000000000000000000e+00
0.000000000000000000e+00
0.000000000000000000e+00
0.000000000000000000e+00
0.000000000000000000e+00
0.000000000000000000e+00
0.000000000000000000e+00
0.000000000000000000e+00
0.000000000000000000e+00
0.000000000000000000e+00
0.000000000000000000e+00
0.000000000000000000e+00
0.000000000000000000e+00
0.000000000000000000e+00
0.000000000000000000e+00
0.000000000000000000e+00
0.000000000000000000e+00
0.000000000000000000e+00
0.000000000000000000e+00
0.000000000000000000e+00
0.000000000000000000e+00
-3.388335511586344838e-11
-8.470643922184011134e-11
-1.096204745508479986e-11
0.000000000000000000e+00
0.000000000000000000e+00
0.000000000000000000e+00
0.000000000000000000e+00
0.000000000000000000e+00
0.000000000000000000e+00
0.000000000000000000e+00
0.000000000000000000e+00
0.000000000000000000e+00
0.000000000000000000e+00
0.000000000000000000e+00
0.000000000000000000e+00
0.000000000000000000e+00
0.000000000000000000e+00
0.000000000000000000e+00
0.000000000000000000e+00
0.000000000000000000e+00
0.000000000000000000e+00
0.000000000000000000e+00
0.000000000000000000e+00
0.000000000000000000e+00
-3.535478902788934496e-10
-6.397003129751943445e-10
-1.820988771744056954e-10
-7.771598538059988439e-12
-1.438752127081411285e-09
-5.625288101171597872e-09
-4.682900838508042587e-08
-1.024261629300169227e-07
-3.087928960889770501e-08
-1.073893322548475767e-08
-8.191143402879225206e-09
-4.198451970129914920e-09
-2.361499832307598608e-09
-1.433423320700864655e-09
0.000000000000000000e+00
0.000000000000000000e+00
0.000000000000000000e+00
0.000000000000000000e+00
0.000000000000000000e+00
0.000000000000000000e+00
-5.832827201287151905e-21
-4.005606712448834895e-11
-3.425075559494891254e-09
-6.115187413449963059e-08
-6.186314243145234027e-08
-5.528721502280366523e-08
-8.880137758571198700e-08
-2.467316109167040576e-08
-3.497950206865036564e-08
-1.706645436741679850e-07
-5.060800297124403536e-07
-1.032397613878895339e-06
-1.487912156212632824e-06
-1.428227560389185766e-06
-1.468277773956540686e-06
-1.346032526613490023e-06
-1.230114262062261948e-06
-3.957104072504173318e-07
-7.453604493974436211e-07
-3.179436890994934418e-06
-1.468139892790246424e-06
-1.759112293566463041e-09
-8.114048436682361985e-11
-1.719440592189390044e-16
-4.207325621053973339e-17
0.000000000000000000e+00
0.000000000000000000e+00
-1.140698246946125945e-14
-1.811205588170513363e-11
-3.463031858393211376e-09
-1.476684801694919710e-07
-1.405822833651175773e-07
-4.299509881160102604e-07
-6.954441425817014407e-07
-1.165244831236605497e-06
-2.569251188488293823e-06
-3.388284202305491643e-06
-4.425702126272640550e-06
-8.317016536194348462e-04
-3.522874442041305527e-03
-8.742876037535840875e-04
-1.931956436225563091e-05
-1.257852881509703181e-05
-1.733485343973223544e-05
-1.794363591770630116e-05
-2.370410773826958823e-05
-3.266454341357953340e-05
-3.232615164547290062e-05
-2.975393765438045444e-05
-1.969210205338032079e-05
-3.551671896343226149e-06
-1.245596745923762838e-07
-5.010302799585733417e-11
0.000000000000000000e+00
0.000000000000000000e+00
0.000000000000000000e+00
-3.850470803694305339e-09
-1.337163666084425482e-08
-1.422115084698667668e-08
-2.833091738167643091e-07
-3.805007788757243087e-06
-1.181502576499537492e-05
-2.011751451737692301e-05
-2.568094644195498079e-05
-2.727379700690495308e-05
-3.604703214931230130e-05
-1.334560943519115962e-03
-5.002014218516930184e-03
-3.334779557884000236e-03
-4.360738006154478772e-05
-4.719730515702343185e-05
-5.416949895342819149e-05
-6.846967634432883426e-05
-7.350636588915564066e-05
-8.270151815026926590e-05
-7.006794072677252725e-05
-4.234359326273207628e-05
-5.283032601448472331e-05
-4.463355376788067665e-05
-9.969170958094236319e-07
-5.101731318721328070e-07
-2.974710186241689457e-10
0.000000000000000000e+00
-2.765918544550696277e-14
-1.088403660718037023e-07
-2.476296377170238798e-07
-3.766100017562067548e-07
-1.629093154471878393e-06
-1.385693986530398607e-05
-3.304011490226656369e-05
-4.619976670514352893e-05
-6.593403090886579472e-05
-8.500032859912567181e-05
-1.084916331520263883e-04
-6.847356437282048651e-04
-5.087935243499913836e-03
-3.435967027337475874e-03
-1.526218010771183780e-04
-1.536850884399373158e-04
-1.309148624568513115e-04
-1.339982312579753618e-04
-1.440259135320791568e-04
-1.378733337906133942e-04
-1.226426748086072497e-04
-1.383342342007324503e-04
-1.306621537973751482e-04
-9.436464543414263496e-05
-6.486525286785481197e-05
-1.793290591690765567e-05
-7.178441989329799390e-06
-7.148641723249019705e-11
-1.955959727312863757e-07
-1.448855423553095136e-06
-3.930696906810839983e-06
-4.575610982554929673e-05
-1.230487081949610398e-04
-1.531879903582853656e-04
-1.935647904019216123e-04
-2.715230499876106446e-04
-3.279829703917434597e-04
-3.569075359014355900e-04
-3.460524578666001163e-04
-9.210684970926018202e-04
-5.336916344697188903e-03
-3.678840358817895596e-03
-3.657562293229252456e-04
-3.258482561750550201e-04
-2.722407033511058008e-04
-2.432721553557467111e-04
-2.525173587594802481e-04
-1.843956769921039631e-04
-1.844310571888563353e-04
-2.283635199866152713e-04
-2.186264269437747712e-04
-1.135127776511619913e-04
-7.637710712421202518e-05
-1.315967565062022712e-05
-4.859753214872204803e-07
-2.905086317320344260e-10
-1.067027083357995510e-06
-1.250130833769939015e-05
-3.462598820558948967e-05
-1.053413358033782342e-04
-2.749407603625032056e-04
-3.839294160690251835e-04
-4.374852455611998362e-04
-4.828241510618623707e-04
-5.831194976686954233e-04
-6.478592713128484681e-04
-6.404090015340241967e-04
-1.155311388654010896e-03
-5.532179459714374990e-03
-3.982808137450609062e-03
-6.423987809601191352e-04
-5.540658297583473876e-04
-5.128190835949816015e-04
-4.677909466556113140e-04
-4.234368698772678899e-04
-3.874070003267393266e-04
-3.175058890859944324e-04
-2.507104725507956029e-04
-1.873315893898639805e-04
-1.649306824899890108e-04
-1.324509810419363209e-04
-6.452053151581358115e-06
-7.008652269996878394e-10
-4.430436073511588665e-08
-1.710027038126355389e-05
-4.886449229134487410e-05
-7.137380885992957900e-05
-1.858653085121130834e-04
-3.648408127294439215e-04
-3.793686303098811022e-04
-4.570853403179864975e-04
-5.203507584102539133e-04
-5.988874092880033242e-04
-6.493637302053415286e-04
-5.984336743102857716e-04
-1.065614184947767488e-03
-5.467078240376756042e-03
-5.503701410304685793e-03
-1.314766091387199439e-03
-9.439323563209013612e-04
-9.400138310462721226e-04
-8.603587992054929955e-04
-7.116394118498149072e-04
-5.707516878459653912e-04
-4.292096330157442637e-04
-2.392981798819035738e-04
-1.423503948896409697e-04
-1.038492192569458932e-04
-5.257409947530204794e-05
-2.560671344944923997e-05
-4.390636551105217449e-07
-1.088590597107574009e-07
-1.460312140413701364e-05
-6.701383605491743921e-05
-1.040526724720359413e-04
-2.104608870024466316e-04
-3.298057314666989694e-04
-4.139326065595446639e-04
-5.248997410583990022e-04
-5.934572839689479995e-04
-6.671433995223260624e-04
-6.175775077834404171e-04
-5.407296878159519732e-04
-6.397128140165599585e-04
-4.236825467569620661e-03
-5.620487815318816333e-03
-1.474100573916654324e-03
-1.240360771609087418e-03
-1.308766257403597621e-03
-1.050589348719660346e-03
-8.328019123693330625e-04
-6.847230346935261926e-04
-4.667807385649370999e-04
-3.219305230164571318e-04
-2.790225948494024009e-04
-3.322978071067537249e-04
-2.999771537430397203e-04
-2.672149405555542239e-05
-4.308760343645828414e-10
-4.188409070268190401e-07
-1.146681671288900227e-05
-4.138896391629238352e-05
-1.154589829289922459e-04
-2.527871125465171133e-04
-4.023363607794481372e-04
-5.097389820785566380e-04
-6.519556710854975713e-04
-7.550326107865311517e-04
-7.674555411492947577e-04
-7.028246866450055079e-04
-6.556489715050967419e-04
-7.375988456454500488e-04
-4.142853156444806922e-03
-5.745473515359979591e-03
-1.461282252708955270e-03
-1.171338793362721505e-03
-1.431015458768794546e-03
-1.312633340678913147e-03
-1.154409433748996693e-03
-1.091591862901575543e-03
-9.336172773017091314e-04
-8.090284710662771789e-04
-6.518350799604249145e-04
-4.283059764696206290e-04
-2.533259326886421847e-04
-8.156044684684190247e-05
-3.457259718525662026e-11
-4.773417340484773317e-09
-1.232447554653890897e-05
-3.751327110742175459e-05
-8.641591214371741503e-05
-3.295564635317541589e-04
-4.796299281502412054e-04
-5.379550643051900878e-04
-6.339147860439412700e-04
-6.514632493724388431e-04
-5.968476811386885968e-04
-5.540529507269227258e-04
-5.537334365688260582e-04
-5.875533944073742633e-04
-3.887497956326424042e-03
-5.641530681097141862e-03
-1.693148013195633610e-03
-1.059208542280944826e-03
-1.207340017902781577e-03
-1.114328526501408160e-03
-8.797040561939378821e-04
-6.869032198785423411e-04
-4.169561606742636182e-04
-2.709156794845840946e-04
-2.299590753825107381e-04
-9.487896430007924887e-05
-3.487727135819423849e-06
-9.768083206002437740e-07
-1.279075289463370869e-10
-4.011931955301054700e-15
-3.690305521247581027e-06
-2.160879777316201196e-05
-4.820534744257469391e-05
-3.557608831434378241e-04
-5.094944002142741402e-04
-3.762395197190620036e-04
-4.652462747503868811e-04
-5.029228043747321257e-04
-3.903783983041477835e-04
-6.697223069833213409e-04
-8.356707865127448523e-04
-6.547107298179250315e-04
-3.896086223338873430e-03
-5.535959581477279540e-03
-3.278881503112139606e-03
-5.257726457970910219e-04
-6.891992852423842230e-04
-6.027831920748454681e-04
-4.821320626623193687e-04
-3.211526867898472195e-04
-1.425558052537122277e-04
-2.042724935426269044e-04
-2.176902231679331734e-04
-1.246515431921693413e-04
-3.671452171861184066e-06
-4.881108197192058297e-07
0.000000000000000000e+00
-1.354716867763384498e-10
-1.880168078581988500e-07
-8.107230536001962452e-06
-1.452406515559052629e-05
-2.111960235549278399e-04
-4.393096889025065784e-04
-3.986446318541632568e-04
-4.067814272250701475e-04
-7.697755312281876275e-04
-7.821785647593634252e-04
-7.757723473113644404e-04
-5.654948026914619541e-04
-1.970034215969731367e-04
-3.545954731447111246e-03
-5.260984206842474371e-03
-2.943882257093058744e-03
-3.233067397657694592e-04
-6.116702361174781392e-04
-6.031939274889934000e-04
-5.136630486341509918e-04
-2.935027898476273082e-04
-1.523922276770524234e-04
-2.145981313932370101e-04
-2.549173626225439840e-04
-8.090643665407577247e-05
-2.843390113366902259e-06
-1.661967142657678885e-14
0.000000000000000000e+00
-5.299968539006054979e-11
-2.720498776536684029e-11
-3.641808286875429939e-06
-6.133843919969342183e-06
-8.555376942496155509e-05
-2.316143216517679599e-04
-4.273989908979355934e-04
-6.863752498769138928e-04
-8.143808479951886821e-04
-6.166710956110151498e-04
-4.959687916101111803e-04
-2.674177278113076318e-04
-2.283447493098398240e-04
-3.624124581951618240e-03
-5.235210541640169038e-03
-2.906460696394116017e-03
-2.907192511672291517e-04
-6.352879843596815528e-04
-6.082281092580773488e-04
-5.293662793551418564e-04
-2.640380354875300375e-04
-1.815724552006866492e-04
-3.156957567024156310e-04
-1.712199974262134424e-04
-5.474419697391912226e-06
-4.978367292757265448e-07
-7.068950221881046498e-14
0.000000000000000000e+00
-4.938113973968736685e-11
-1.306812860682818731e-11
-2.071919314373399638e-06
-3.552191616276074857e-06
-2.290173273553533953e-05
-1.121195298976514080e-04
-2.752222606713936384e-04
-5.429220799917732323e-04
-8.750799302437255438e-04
-8.469601420471776316e-04
-4.406754142405229242e-04
-4.231334857863790211e-04
-4.558346842191909215e-04
-3.675514988760281935e-03
-5.166880811600681189e-03
-2.858192984593074023e-03
-2.752066083324764142e-04
-6.731591075140349982e-04
-6.518935143507482597e-04
-4.564223062726954121e-04
-2.268318593095686078e-04
-2.981933120114938266e-04
-3.057129094031768167e-04
-5.327900608785476454e-05
-1.811831999062656818e-06
-5.046811243782711940e-07
-1.043819859505471569e-13
0.000000000000000000e+00
0.000000000000000000e+00
-1.651667020272207103e-10
-6.891575722908154136e-08
-8.002834255369736781e-07
-1.602885919833838159e-05
-6.253001069072685399e-05
-1.314270106625825660e-04
-1.678998800150005404e-04
-3.192025174711452364e-04
-6.745351613521435386e-04
-5.765502624687894335e-04
-4.897876890024576184e-04
-6.217859837417100783e-04
-3.615076622007730531e-03
-5.041583936395218832e-03
-2.789891096597769786e-03
-2.595522088433866196e-04
-6.668669605729199337e-04
-7.166433270628428352e-04
-4.098036649265924440e-04
-3.437020096228579407e-04
-3.345281421788393462e-04
-1.062897364701222169e-04
-2.660719506569405050e-05
-1.222999885886990760e-06
-1.114129331432982431e-07
-1.602494880060758525e-10
-8.767719724482251320e-15
-1.439766289331747148e-09
-1.124344618424114792e-10
-4.304252352984340165e-08
-3.001438101360529630e-07
-1.391387070522249335e-05
-5.424784091182747320e-05
-6.653853136950650682e-05
-1.309312568677615011e-04
-1.858844775625772769e-04
-3.396096794755072657e-04
-7.616438053850535690e-04
-5.189192206015879509e-04
-5.036647237249941263e-04
-3.536227514661742771e-03
-4.994430423508778617e-03
-2.782111819751839632e-03
-2.885747279494180759e-04
-7.346264377257816702e-04
-7.584344895991195976e-04
-4.259858027836801162e-04
-4.134015267071555733e-04
-1.759090850781826979e-04
-4.096167359220704646e-05
-2.824909249614343504e-05
-1.955734238327798440e-06
-1.636947451090092021e-08
-5.442945557001425899e-11
-1.413794805583555388e-13
-1.076121242527061502e-12
-1.244638906175927029e-10
-1.350711166519138351e-08
-1.284040295764503523e-07
-1.398019267096778965e-05
-3.376714075117189087e-05
-8.570943791382254300e-05
-1.821413081025734324e-04
-3.542617018056422209e-04
-5.816814357438219009e-04
-6.606452684544559997e-04
-6.321566424025863501e-04
-5.495594610552089051e-04
-3.453317556857111656e-03
-4.984340523340131945e-03
-2.798008212134981722e-03
-3.581698625837636185e-04
-7.947957245323540847e-04
-7.961646918489540242e-04
-4.749540628073198713e-04
-2.733956951653594746e-04
-8.606707555443629792e-05
-3.584484905402845746e-05
-3.076970022945979343e-05
-4.473918277538667822e-06
-1.472811613776812002e-07
-1.789210345919603510e-11
-2.220755412999218624e-10
0.000000000000000000e+00
-1.793371790188707601e-10
-5.004480656578466362e-09
-5.642113452526362219e-08
-6.180597528848984606e-06
-1.409359964291459930e-05
-5.221019070466808958e-04
-5.923708696890569309e-04
-7.559114357736853185e-04
-8.042294886844906067e-04
-5.676389384572724794e-04
-5.050366471690333637e-04
-3.815563136869019921e-04
-3.497780036806732822e-03
-5.005702559898749654e-03
-2.866350492305141679e-03
-4.250696449897403066e-04
-9.040232086629742701e-04
-7.589614225349030621e-04
-3.755459093361292059e-04
-1.604251846316598513e-04
-7.942345204911172734e-05
-3.741495289731855786e-05
-3.224680755978921802e-05
-4.822509112685697745e-06
-3.084221094553679302e-06
-5.213520136167975572e-11
-8.710674119492777005e-10
-3.010221964239255551e-15
-1.498112768355845195e-10
-1.083126642031617298e-08
-4.567570715550907579e-08
-3.588771617821080503e-07
-6.036065075616368246e-05
-4.456235778880022883e-04
-6.106793112337056224e-04
-5.048421925564233097e-04
-4.009776638014047462e-04
-3.787975672127222651e-04
-2.380750577747416964e-04
-1.606617947007348641e-04
-3.423080297045477411e-03
-4.981680493164217412e-03
-2.885888266327982753e-03
-5.436261710655976298e-04
-8.805612074636876962e-04
-6.311472014961578463e-04
-2.878736619158337351e-04
-1.120094708084480860e-04
-8.058423614479249490e-05
-2.357252371283240265e-05
-6.523703095839382342e-06
-1.052459602237693619e-06
-1.117528471167128111e-07
-8.347539541038545705e-13
0.000000000000000000e+00
-2.916152527856780689e-15
-3.805232149209038874e-11
-2.304456983173933773e-08
-2.605684770933771677e-08
-3.345947190560947032e-07
-5.056201784411088135e-05
-1.411589544421972117e-04
-2.293111459021214939e-04
-2.819565825149647400e-04
-2.964547317736219273e-04
-2.419786955017507075e-04
-1.940220778007741172e-04
-1.413532837701729549e-04
-1.673095669837473777e-03
-5.007756039150368203e-03
-2.974247356144927093e-03
-5.497329706213357342e-04
-7.718509977826318313e-04
-5.705516599677644450e-04
-2.330236887996640428e-04
-9.458227328493749603e-05
-8.044699077160852242e-05
-2.188854230807142637e-05
-3.892127905386769937e-06
-6.422971185865920232e-07
-1.903136188342058211e-09
-8.552464714675110584e-13
0.000000000000000000e+00
0.000000000000000000e+00
0.000000000000000000e+00
-2.287258194454271957e-08
-4.580305978279152558e-08
-3.921354546753167004e-07
-2.100040602595594516e-05
-8.723069129279891387e-05
-1.385832913542332312e-04
-1.859432455756311652e-04
-2.192554667687140536e-04
-1.824176333174575709e-04
-1.380341213120250550e-04
-8.144170338167891910e-05
-6.954888840190588759e-04
-3.847788959018270168e-03
-8.559859225369594472e-04
-6.134056862183041034e-04
-6.605371836784939589e-04
-4.887348808050697227e-04
-2.215236320221474267e-04
-8.310343264805623647e-05
-7.023359157496322693e-05
-2.771570378949391901e-05
-1.903949263194617439e-06
-3.115938709820409553e-07
-1.512236750993948795e-10
-3.860847215153147947e-12
0.000000000000000000e+00
0.000000000000000000e+00
0.000000000000000000e+00
-2.757256953190302766e-08
-4.107522712451865258e-08
-1.734317702001092704e-05
-5.013380604126104238e-05
-3.936595253121585658e-05
-2.809787644072446816e-05
-5.476525912048640839e-05
-7.015818883554840945e-05
-8.383912057299281460e-05
-8.493657485182364172e-05
-8.652946131644011023e-05
-8.668324482280192057e-05
-1.603657907375183919e-04
-3.826349655718072661e-04
-5.457475297575866118e-04
-5.396007853064255710e-04
-4.484656140574619929e-04
-1.874572248407516801e-04
-5.858618906164376615e-05
-6.867732338378008808e-05
-3.001865013334372226e-05
-1.094608312849202143e-06
-4.515073829833493777e-07
-1.061670969528581196e-14
-3.554519411507517597e-22
0.000000000000000000e+00
0.000000000000000000e+00
0.000000000000000000e+00
-2.306831006997875067e-11
-4.637854895533430603e-07
-4.569172183129803537e-05
-1.843118833659334390e-05
-1.410409101079814346e-05
-1.891952410276773907e-05
-3.162615784451326944e-05
-1.512514756543944482e-05
-1.337850140116063493e-05
-2.708085049390806598e-05
-4.688341423239022880e-05
-6.799021763290046168e-05
-1.807755494617844648e-04
-3.743535186900512628e-04
-4.146896343135894874e-04
-4.598459913223396588e-04
-3.799803944963032771e-04
-1.785144809477831238e-04
-6.051982866748519766e-05
-5.288888974841434218e-05
-3.751905556527052212e-05
-2.399458312546032628e-06
-1.936748068289360716e-08
-5.500654178028592413e-15
0.000000000000000000e+00
0.000000000000000000e+00
0.000000000000000000e+00
0.000000000000000000e+00
0.000000000000000000e+00
-2.716863500180509347e-12
-1.086083076805877578e-08
-4.780884865915567956e-06
-9.211426171867173463e-06
-7.350156963872014704e-06
-3.670055267417605308e-06
-2.667554074384608587e-06
-2.772694488841907190e-06
-5.586047034763444887e-06
-9.993267457826984210e-06
-3.918689296863777505e-05
-1.778843322166826098e-04
-2.796846100405040478e-04
-2.452729014565401574e-04
-3.210464564316774087e-04
-2.736531411907210110e-04
-1.248687544339629584e-04
-5.908276712981704802e-05
-3.221698184827360799e-05
-3.846966339347550904e-05
-3.420166177234729249e-06
-2.624478649222632149e-12
-4.526604052280600394e-12
0.000000000000000000e+00
0.000000000000000000e+00
0.000000000000000000e+00
0.000000000000000000e+00
0.000000000000000000e+00
0.000000000000000000e+00
-2.001212095495888506e-11
-4.563801019356823639e-10
-9.666638806849474499e-09
-3.168209631706359254e-08
-3.963061508184804494e-08
-6.788173625186211733e-08
-2.507951569027391810e-07
-2.600000050681586406e-07
-3.365725989359257548e-06
-2.534055834434750690e-05
-7.013635382326241735e-05
-5.621614151442305566e-05
-3.790822549614714912e-05
-5.834967675921928901e-05
-2.986651326232289010e-05
-3.626683341002965003e-06
-8.624032765819275774e-06
-1.646894761359822529e-05
-4.245725867071367042e-05
-9.466129143024542181e-06
0.000000000000000000e+00
0.000000000000000000e+00
0.000000000000000000e+00
0.000000000000000000e+00
