0.000000000000000000e+00
0.000000000000000000e+00
0.000000000000000000e+00
0.000000000000000000e+00
0.000000000000000000e+00
0.000000000000000000e+00
0.000000000000000000e+00
0.000000000000000000e+00
0.000000000000000000e+00
0.000000000000000000e+00
0.000000000000000000e+00
0.000000000000000000e+00
0.000000000000000000e+00
0.000000000000000000e+00
0.000000000000000000e+00
0.000000000000000000e+00
0.000000000000000000e+00
0.000000000000000000e+00
0.000000000000000000e+00
0.000000000000000000e+00
0.000000000000000000e+00
0.000000000000000000e+00
0.000000000000000000e+00
0.000000000000000000e+00
0.000000000000000000e+00
0.000000000000000000e+00
0.000000000000000000e+00
0.000000000000000000e+00
0.000000000000000000e+00
0.000000000000000000e+00
0.000000000000000000e+00
0.000000000000000000e+00
0.000000000000000000e+00
0.000000000000000000e+00
0.000000000000000000e+00
0.000000000000000000e+00
0.000000000000000000e+00
0.000000000000000000e+00
0.000000000000000000e+00
0.000000000000000000e+00
0.000000000000000000e+00
0.000000000000000000e+00
-7.098603169028294387e-16
-1.774650164474484456e-15
-2.296606216577194112e-16
0.000000000000000000e+00
0.000000000000000000e+00
0.000000000000000000e+00
0.000000000000000000e+00
0.000000000000000000e+00
0.000000000000000000e+00
0.000000000000000000e+00
0.000000000000000000e+00
0.000000000000000000e+00
0.000000000000000000e+00
0.000000000000000000e+00
0.000000000000000000e+00
0.000000000000000000e+00
0.000000000000000000e+00
0.000000000000000000e+00
0.000000000000000000e+00
0.000000000000000000e+00
0.000000000000000000e+00
0.000000000000000000e+00
0.000000000000000000e+00
0.000000000000000000e+00
-2.189203967853503420e-11
-3.946146126054815595e-11
-1.073384120721431924e-11
-1.230746843237620758e-12
-2.835577170267091593e-11
-5.047139012714685191e-11
-8.883558167085116574e-12
-3.279004576842436722e-10
-6.455655659300139151e-10
-3.931402927986740844e-12
-1.998400510169538521e-12
-3.413502606431102914e-16
-1.917698375080183400e-16
-1.169795300434802534e-16
0.000000000000000000e+00
0.000000000000000000e+00
0.000000000000000000e+00
0.000000000000000000e+00
0.000000000000000000e+00
0.000000000000000000e+00
-7.313003113591121813e-19
-1.741191217754798984e-19
-1.731168387913402818e-08
-3.723570488424766171e-07
-3.765990107591672346e-07
-2.792060454933759626e-07
-2.034550346321683845e-07
-4.938021367814419391e-08
-1.313864831306787487e-07
-9.508170875339911772e-07
-1.041066583428636030e-06
-2.905029582922379578e-06
-8.443436375090640830e-06
-6.800537524034528985e-06
-3.774351722129575942e-06
-1.291361569384441856e-05
-8.801463952275666902e-06
-5.024269899670528732e-06
-8.662575530944652900e-07
-2.277629069446622121e-08
-6.363272527790962051e-09
-8.672862376203292921e-10
-5.111439718531644581e-14
-3.370349322733680326e-21
-8.293022923313628693e-22
0.000000000000000000e+00
0.000000000000000000e+00
-1.312416675401442705e-22
-1.574953994791070378e-17
-4.213613057855274149e-08
-1.689982611809984035e-07
-1.831481666702097769e-07
-4.603860948299219561e-07
-1.332181164357282093e-06
-4.585124651321196696e-06
-1.939609728165564022e-05
-3.261880578478837248e-05
-9.851023547690073183e-05
-2.724664860526311030e-04
-3.903667596285126623e-04
-2.632217448835329535e-04
-2.568691185518751411e-04
-2.015769525973078614e-04
-1.612725811828302248e-04
-1.339223778021058936e-04
-7.731989065611161670e-05
-2.099208907362830003e-05
-1.697526277647504783e-05
-9.517274608385730892e-06
-6.448231013589119143e-06
-4.202609388873815143e-07
-2.171724892711839056e-07
-1.659243230768857934e-10
0.000000000000000000e+00
0.000000000000000000e+00
0.000000000000000000e+00
-4.060746905849604669e-12
-8.695682178757066722e-10
-1.009768963373722814e-07
-3.425432219598246815e-07
-1.307917462475474820e-05
-2.884502242229185641e-05
-3.796256838059323540e-05
-6.151045809864256878e-05
-8.565702472294014949e-05
-2.051281359954289262e-04
-5.198422151108711333e-04
-6.769764022411426611e-04
-6.885286633551856604e-04
-4.787090070865164461e-04
-2.998216354962223514e-04
-2.137130598200716715e-04
-1.779608752631819295e-04
-1.912980568813339092e-04
-1.439764410196259074e-04
-8.367050310031027606e-05
-4.989246626127524499e-05
-1.900196225013133118e-05
-3.609818367032002142e-06
-1.642377700257529821e-07
-1.007590638222929274e-07
-3.238567531436281388e-11
0.000000000000000000e+00
-1.092936565178563623e-20
-1.854925644297014540e-08
-5.464086747577613802e-07
-6.660982859669531073e-07
-1.420287648899951396e-06
-3.703760335687623185e-05
-4.327424731113566758e-05
-4.754052668438818225e-05
-8.890117689803465385e-05
-1.341127287530850104e-04
-2.824986853851666488e-04
-6.278119124647091884e-04
-8.982691387799343098e-04
-8.487260613838572580e-04
-4.304463740788185043e-04
-2.334602705925864551e-04
-1.742686760324004349e-04
-1.280975250693667600e-04
-9.128794237099064474e-05
-9.585213791228305077e-05
-7.452825517047868874e-05
-6.641627445582206485e-05
-3.271411798831764872e-05
-1.285978235883421464e-05
-9.886338148571136955e-07
-2.311031363632356917e-08
-1.255011241850109209e-10
-7.663422477811538957e-24
-4.117093072046620190e-15
-1.943291374938012492e-08
-2.346084373154933585e-07
-1.762656660422703312e-06
-7.085286814605083468e-06
-3.657596003776371785e-05
-5.363559883191645823e-05
-5.855097888635641334e-05
-7.977636645524059959e-05
-1.246255095001392969e-04
-2.593454892507617753e-04
-6.829941705665330386e-04
-9.453714636044734674e-04
-7.958644499246693210e-04
-1.373235143983716870e-03
-3.037880444910111971e-03
-3.829280396834376134e-03
-3.092183876742551907e-03
-2.513645784680742807e-03
-1.322289370269471047e-03
-1.122216321151475162e-05
-1.446650901265472045e-05
-8.504856364267908246e-06
-7.126610088758707577e-06
-1.740973478340672702e-07
-1.134106234806633426e-08
-5.855617227582065100e-11
-3.114284453748945252e-23
-8.112700444961409108e-15
-1.436775889588282522e-08
-6.014169583940101794e-06
-1.298831409564314598e-05
-1.147766267335291865e-05
-3.109180680906906179e-05
-3.899395515062615793e-05
-5.293300277707097521e-05
-8.058391086961351078e-05
-1.470832286910858720e-04
-2.842234823219529452e-04
-6.380501243984257288e-04
-7.999815100728869871e-04
-1.807035069540544568e-03
-5.194322402812196274e-03
-5.006335325294796086e-03
-4.990292724698622631e-03
-4.987130164907655448e-03
-5.006120346321469086e-03
-4.989171206748135683e-03
-4.989399694451565094e-03
-4.912678847491715878e-04
-1.822558022337121767e-07
-1.481828777291470587e-07
-1.027226668794027668e-07
-2.224974761976067200e-09
-1.150136925545921864e-11
-2.770395144180884839e-14
-9.298670178044110381e-12
-2.531036504651642006e-09
-1.587498130366203088e-05
-1.561783188779183683e-05
-2.294064304551583330e-05
-3.338366163926900293e-05
-3.160691891679693873e-05
-5.985376982485392618e-05
-1.115928331881347896e-04
-1.811421745179867264e-04
-3.515631985650642883e-04
-5.214611291202298892e-04
-7.286141969249286619e-04
-2.328067968054250113e-03
-5.119909884615708555e-03
-4.981101289013243824e-03
-4.969184271997930877e-03
-4.967022696737041082e-03
-4.985770952434949096e-03
-4.966041362152440013e-03
-4.966103721509208639e-03
-3.317446546729257290e-03
-3.426797078857606084e-07
-3.766185808234986439e-07
-2.491592357726956616e-07
-1.063483839128586504e-07
-3.214711717427311303e-09
-3.253909353001952917e-14
-3.689372545568136559e-11
-2.122063296823122931e-09
-5.333037381794347906e-06
-1.265714507468029720e-05
-1.823278440500825372e-05
-4.078074137521303021e-05
-4.570493193422208876e-05
-8.883258166393474299e-05
-1.505059041754737740e-04
-1.750387829474721010e-04
-3.223103783571374184e-04
-4.066667627495429145e-04
-7.168554105441699150e-04
-2.091598816187377301e-03
-3.984641649146121976e-03
-3.134017761777959082e-03
-1.963373320736603971e-03
-7.805873015408165260e-04
-4.996646265852764703e-03
-4.974586167744511449e-03
-4.970090784038153769e-03
-4.141967862009949403e-03
-8.247435244493494007e-08
-4.424537942140889206e-08
-3.926930165546701549e-08
-1.119422803997033242e-08
-1.591595824631271940e-12
-4.401711427500870063e-14
-4.201904474692188016e-11
-2.104229691494197082e-09
-1.429633557751312834e-06
-3.034576841275098389e-06
-9.216724119464349523e-06
-5.317620701265108083e-05
-7.998925465539617210e-05
-1.376578153343098736e-04
-2.050359153528624680e-04
-2.401543069218167834e-04
-3.609439210303306872e-04
-4.128295773588109619e-04
-7.683362665281235704e-04
-1.044264948637796181e-03
-2.249983745687038697e-04
-8.375382945263340430e-05
-4.336182506688534394e-04
-3.467297025328336044e-03
-5.032360504989301722e-03
-5.005180148072822799e-03
-4.999518290985384764e-03
-2.037796108530544499e-03
-6.563203732258376911e-06
-1.875635037909287091e-07
-4.510343451065360799e-08
-4.211953010715959237e-09
-1.314540333116065792e-09
-1.011053163601802452e-18
-1.239417358131456909e-11
-7.197369712722251690e-11
-2.727629151108733849e-07
-3.628834537342788427e-05
-5.715741592640296036e-05
-9.271801539371267410e-05
-9.603015826516517455e-05
-1.258070776908172094e-04
-2.105715112391449582e-04
-2.306500816238049871e-04
-3.435155351541162999e-04
-3.417570183623969311e-04
-7.501618385077253332e-04
-1.030828110865686983e-03
-3.581484841993824394e-04
-1.870289096901081582e-03
-4.342128486341001112e-03
-5.046580949816075780e-03
-5.049572277966360434e-03
-4.839835955652019989e-03
-3.691319980244937068e-03
-5.061160409056935771e-04
-1.852436757084390732e-05
-8.993660604865276126e-06
-1.844011136492021399e-08
-1.523046996517847454e-08
-4.889707434544249861e-09
-2.019462009675606733e-10
-9.971387644090638103e-13
-1.513936149497777804e-11
-1.079719487077617376e-08
-4.563712498887444473e-05
-6.670463654960144453e-05
-5.852203059542684011e-05
-4.924447999371918075e-05
-9.148925575154677600e-05
-1.684398281990728981e-04
-1.833522756796489381e-04
-2.877631020385399059e-04
-3.477955978048927459e-04
-7.416290704763426949e-04
-1.065408603680048768e-03
-2.810229252142143995e-03
-4.980274473599665373e-03
-4.981560157392579333e-03
-4.997039110217209486e-03
-4.868158150736135413e-03
-1.018721596670679221e-03
-2.709841329520618484e-05
-8.903243233267448898e-04
-3.831477992629612583e-05
-1.352637969221789522e-05
-5.743321662621391120e-08
-2.168886251620654677e-08
0.000000000000000000e+00
-6.522209697411600566e-13
-3.024940291025060603e-15
-1.082972343527925779e-13
-2.070972157132378167e-10
-2.097121729306060389e-03
-3.075465452769153649e-03
-1.588479179021876379e-03
-4.562359095259484236e-05
-8.570506801430364163e-05
-9.768987825622861283e-05
-1.353603246221419165e-04
-1.892328048246405602e-04
-3.726628789603304132e-04
-8.254371668308107136e-04
-1.242514191210929370e-03
-2.130988236754626647e-03
-5.016513640829548502e-03
-4.982761882253234492e-03
-4.974852943235520165e-03
-4.943210196381942791e-03
-1.738871654306682526e-03
-6.311268679819444856e-05
-6.432318265874624257e-05
-5.006985182836459769e-05
-9.628819780286705619e-06
-3.576235494690586743e-08
-4.675252078391030038e-22
0.000000000000000000e+00
-2.135705398097869520e-13
-7.959376134268689484e-17
-1.003153932259952016e-15
-8.439813010583372722e-04
-4.888005652051370317e-03
-2.514175564098606371e-03
-3.383156686633140655e-04
-4.185653318005093918e-05
-3.935161625352755400e-05
-6.588694785682773427e-05
-7.906372330658008839e-05
-1.395150505494492513e-04
-2.883062035338156701e-04
-8.834473737920100263e-04
-1.330666960802143672e-03
-1.235504810573748212e-03
-3.572350221068509163e-03
-3.506228311800272789e-03
-4.405705123299916495e-03
-5.000397846244388107e-03
-4.455068574466226720e-03
-2.919770062715773464e-04
-1.083938295245803231e-04
-3.849661926950051889e-05
-9.603328992277283597e-07
-1.490475953179982828e-08
-4.727534714685558299e-22
0.000000000000000000e+00
-6.549269699018712774e-17
-1.490576438889953285e-12
-1.907170393569110165e-15
-3.101140359775041849e-03
-4.985377609719047858e-03
-1.827382049472054499e-03
-3.249909286495983042e-05
-5.452697599337202400e-05
-2.425168135202458719e-05
-3.642395806832072276e-05
-3.419323268995106400e-05
-5.954673480162169826e-05
-1.206161603579894453e-04
-6.887660723193604053e-04
-1.231661027745829069e-03
-5.923351680570591946e-04
-4.301396907788930806e-04
-1.704573735535188555e-03
-4.480341383392714809e-03
-5.005104136050081594e-03
-3.673932621000455031e-03
-3.140472476084775282e-04
-1.087541267409668520e-04
-3.185782878367537924e-05
-6.033877251129901300e-07
-6.366182450387667074e-10
-7.265612541669731627e-11
0.000000000000000000e+00
0.000000000000000000e+00
-9.786861109222558950e-13
-1.716318774004505501e-12
-4.023631475157951783e-03
-4.965750127850701925e-03
-4.358245522770511082e-03
-1.945630671575503384e-03
-4.957283992133826962e-04
-9.616710343256232242e-06
-1.100179809257796671e-05
-1.285371240514146579e-05
-1.207867962719226374e-05
-6.291162037457349767e-05
-5.221301209902087272e-04
-1.029542004780288839e-03
-2.267638821057121369e-03
-3.857257035238626907e-03
-5.154808525297887960e-03
-5.079913354398198425e-03
-4.077510349188347843e-03
-4.350195199703673038e-04
-1.018976557605602232e-04
-5.884448851846868674e-05
-3.101922822504526929e-05
-5.926399636842983996e-07
-1.405277060066324649e-09
-5.557726576487478924e-10
-7.929071143082395041e-11
-1.293733609876407152e-15
-3.555466043220056783e-14
-5.314127831207835858e-12
-1.020628510185773389e-03
-4.710598210244691317e-03
-4.965840597335720828e-03
-4.965912341552963273e-03
-4.691136671375814582e-03
-3.986440858483287879e-03
-2.671400181254101128e-03
-2.672826803605879431e-03
-2.694141919379174511e-03
-2.943854758462015938e-03
-4.667311914216438172e-03
-5.084385569807308401e-03
-5.423401766295491908e-03
-5.234816179354837180e-03
-5.198986647249194404e-03
-4.758267817922231732e-03
-1.069192252411663895e-03
-1.201845460402184391e-04
-8.223228293622659351e-05
-4.984963653044274470e-05
-3.282334793704701307e-05
-3.056645522528105825e-06
-1.398561676266198548e-09
-1.804194024974478575e-09
-1.278562721822040968e-09
-3.874627904479083978e-16
-4.687164417027141762e-14
-4.121531972232291998e-11
-1.450636558437959159e-10
-1.001087620931143205e-03
-4.023833767969759063e-03
-4.966670708278999105e-03
-4.986821928053459391e-03
-4.967654057257977172e-03
-4.968828768240594190e-03
-4.968709643760024428e-03
-4.990692182982631349e-03
-5.010892906367943669e-03
-5.335788862936112487e-03
-5.663160858821159570e-03
-5.701406526776257172e-03
-5.257449879345336974e-03
-4.347826315382725092e-03
-1.154457355158386433e-03
-1.746435253675966638e-04
-9.919785760260273547e-05
-7.169988885752136482e-05
-4.127331720831299116e-05
-3.074752348205197247e-05
-6.285374026926224181e-06
-9.475484676570822972e-08
-6.257676260508453583e-10
-9.927448115290131179e-10
0.000000000000000000e+00
-1.512959943185665559e-14
-6.886774296912336364e-11
-4.739241072805790717e-10
-2.907494644686957890e-08
-1.312820920269590921e-06
-1.435494376042886332e-03
-3.186289332242325367e-03
-4.602984810141745424e-03
-4.603687313832516802e-03
-4.605210736781637643e-03
-4.626198840817075456e-03
-4.654894401490638177e-03
-4.936599236907712046e-03
-5.195799338653611307e-03
-4.119787476779205281e-03
-1.781949638241336637e-03
-3.264444880279996925e-04
-2.362143331268737139e-04
-1.456357705432528718e-04
-8.750159425395940996e-05
-6.502469599065853110e-05
-4.116439050139853183e-05
-1.915615857788451802e-05
-2.622471013083706839e-06
-1.995060505270575733e-06
-6.264329605604443637e-10
-7.548232461472085358e-12
-5.640353377952188106e-17
-1.348422850604275547e-14
-4.184444170726812862e-11
-6.164033008883962366e-09
-5.107157867218584547e-08
-6.276174853189130902e-06
-1.359427449421221863e-05
-8.793980659613933964e-05
-9.410751097207366582e-05
-3.808664957838154322e-05
-3.765268945842309043e-05
-5.374887880962368579e-05
-9.278399668360715622e-05
-3.404321555475592039e-04
-5.843043366298603884e-04
-6.452492941458262687e-04
-7.307851320115662467e-04
-4.301191187882914520e-04
-2.015855613394026697e-04
-1.267573618155456159e-04
-8.900823148617931799e-05
-5.888839636508155361e-05
-2.995843617855088896e-05
-7.497611738122604657e-06
-7.317229174840969685e-08
-7.028805605683848342e-08
-5.529873150411741582e-10
0.000000000000000000e+00
-5.464092334891182536e-17
-3.559496854792383771e-15
-1.336320076289459129e-11
-3.005128030259371534e-10
-5.522560775253202718e-08
-2.388946156458095581e-06
-1.582874454097783935e-05
-7.633306366842334634e-05
-1.452522160959439932e-04
-1.355798791032726915e-04
-1.294716807248832079e-04
-1.712443548255823027e-04
-2.577812574109496018e-04
-4.053383339100859835e-04
-7.031558840972921328e-04
-8.509796510211741155e-04
-7.610470517507007772e-04
-4.587126788037973598e-04
-1.948443722012338161e-04
-1.181448668335170879e-04
-7.483658098434994388e-05
-4.059106353326652971e-05
-1.337450624815118207e-05
-3.126429510081851276e-07
-1.675885363348371491e-10
-1.080446374664399652e-10
-3.229332177726266349e-11
0.000000000000000000e+00
0.000000000000000000e+00
0.000000000000000000e+00
-1.124017045451300656e-11
-1.017421057068225466e-10
-9.700279577092838290e-09
-7.693723111306866700e-06
-2.272911680058079922e-05
-4.252980448206125462e-05
-7.172697752891024549e-05
-1.381620984894179520e-04
-2.189060746330219790e-04
-3.040037961355047534e-04
-4.331275889583434684e-04
-5.063914624910784449e-04
-6.552577319508079250e-04
-7.360615004434245328e-04
-5.458671930447515268e-04
-4.136715825438348434e-04
-1.442761528090938416e-04
-8.477788512035184100e-05
-4.307431869623362978e-05
-1.416532185164984145e-05
-5.479924011429045695e-07
-2.236606698403052529e-07
-1.964086514181681178e-11
-2.933877559040583960e-14
-2.272271373632098970e-11
0.000000000000000000e+00
0.000000000000000000e+00
0.000000000000000000e+00
-7.730298219086734676e-15
-6.208758505189777444e-11
-9.408021831042967663e-09
-7.374612657276788551e-08
-9.910484989708840679e-07
-3.390166934615905050e-06
-1.553468393900328900e-05
-3.140159370003072674e-05
-5.066321226411241413e-05
-8.876331575604967444e-05
-1.805055037458302264e-04
-1.994005520595516052e-04
-2.272199377114561937e-04
-2.616887416791385075e-04
-1.849632761246774418e-04
-1.321320094504854260e-04
-8.234343508179156558e-05
-3.364565228302312085e-05
-3.736724696333900341e-06
-1.546481562174922855e-06
-2.723238483978546857e-07
-1.907454614444738254e-07
-1.632648562326842787e-08
-2.350421736123706779e-10
-4.068037620214044556e-11
0.000000000000000000e+00
0.000000000000000000e+00
0.000000000000000000e+00
-2.165325147601544219e-17
-1.272944042113808001e-10
-2.556345932876815504e-08
-5.829222110861820402e-09
-2.106963587616254897e-09
-1.253878004707386431e-08
-2.175225218166250910e-07
-3.005173141429200192e-07
-2.441552667287881070e-06
-5.209323323949126087e-06
-6.287793724622383571e-06
-5.916653692963286290e-06
-5.133657812268261617e-06
-3.433161523502744003e-06
-8.324988932993130036e-06
-1.834588481268537792e-05
-1.376627979860555106e-05
-1.006458661231933173e-06
-3.481418027152289740e-07
-1.385322886233888356e-06
-2.469136267599810980e-07
-1.125045061812980274e-07
-6.800549772826581334e-12
-1.934185367466630418e-24
0.000000000000000000e+00
0.000000000000000000e+00
0.000000000000000000e+00
0.000000000000000000e+00
0.000000000000000000e+00
-2.701545257134064684e-21
-1.286939535883670951e-19
-1.423791693497013013e-11
-2.457226565999773764e-11
-2.706258511911800925e-11
-1.108543293323629070e-11
-6.905381283420042440e-12
-1.150178070011528310e-08
-7.172940422186380278e-09
-1.523608921799344502e-09
-1.256922459389401945e-08
-2.114560616341743094e-08
-3.718853872961936826e-07
-6.541649668137141559e-07
-5.470841264311690301e-07
-1.732281199189244478e-07
-8.767962381210282777e-08
-2.877954284157435249e-07
-1.359132989337343747e-06
-4.533653438201288353e-07
-1.738593280019260716e-09
-1.596751059949093495e-20
-1.336277956214525553e-28
0.000000000000000000e+00
0.000000000000000000e+00
0.000000000000000000e+00
0.000000000000000000e+00
0.000000000000000000e+00
0.000000000000000000e+00
-1.705049882797805869e-23
-3.217021270141790699e-22
-1.700638404747940010e-17
-8.624560918215395176e-17
-1.004700967862239267e-16
-2.843739438462454915e-15
-8.781720613353871138e-13
-2.336434499121544675e-11
-1.327929360406111329e-10
-9.040618079539271649e-10
-1.868645267017681340e-09
-9.999052926148304350e-10
-8.757660794899410758e-10
-5.427031321673907618e-09
-2.038647208727615858e-09
-2.422595882251520424e-10
-5.674710016222333048e-08
-9.647274748964005477e-07
-6.142073936507751073e-07
-8.298516408901581627e-11
0.000000000000000000e+00
0.000000000000000000e+00
0.000000000000000000e+00
0.000000000000000000e+00
