0.000000000000000000e+00
0.000000000000000000e+00
0.000000000000000000e+00
0.000000000000000000e+00
0.000000000000000000e+00
0.000000000000000000e+00
0.000000000000000000e+00
0.000000000000000000e+00
0.000000000000000000e+00
0.000000000000000000e+00
0.000000000000000000e+00
0.000000000000000000e+00
0.000000000000000000e+00
0.000000000000000000e+00
0.000000000000000000e+00
0.000000000000000000e+00
0.000000000000000000e+00
0.000000000000000000e+00
0.000000000000000000e+00
0.000000000000000000e+00
0.000000000000000000e+00
0.000000000000000000e+00
0.000000000000000000e+00
0.000000000000000000e+00
0.000000000000000000e+00
0.000000000000000000e+00
0.000000000000000000e+00
0.000000000000000000e+00
0.000000000000000000e+00
0.000000000000000000e+00
0.000000000000000000e+00
0.000000000000000000e+00
0.000000000000000000e+00
0.000000000000000000e+00
0.000000000000000000e+00
0.000000000000000000e+00
0.000000000000000000e+00
0.000000000000000000e+00
0.000000000000000000e+00
0.000000000000000000e+00
0.000000000000000000e+00
0.000000000000000000e+00
0.000000000000000000e+00
0.000000000000000000e+00
0.000000000000000000e+00
0.000000000000000000e+00
0.000000000000000000e+00
0.000000000000000000e+00
0.000000000000000000e+00
0.000000000000000000e+00
0.000000000000000000e+00
0.000000000000000000e+00
0.000000000000000000e+00
0.000000000000000000e+00
0.000000000000000000e+00
0.000000000000000000e+00
0.000000000000000000e+00
0.000000000000000000e+00
0.000000000000000000e+00
0.000000000000000000e+00
0.000000000000000000e+00
0.000000000000000000e+00
0.000000000000000000e+00
0.000000000000000000e+00
0.000000000000000000e+00
0.000000000000000000e+00
0.000000000000000000e+00
0.000000000000000000e+00
0.000000000000000000e+00
0.000000000000000000e+00
0.000000000000000000e+00
0.000000000000000000e+00
0.000000000000000000e+00
0.000000000000000000e+00
0.000000000000000000e+00
0.000000000000000000e+00
0.000000000000000000e+00
0.000000000000000000e+00
0.000000000000000000e+00
0.000000000000000000e+00
0.000000000000000000e+00
0.000000000000000000e+00
0.000000000000000000e+00
0.000000000000000000e+00
0.000000000000000000e+00
0.000000000000000000e+00
0.000000000000000000e+00
0.000000000000000000e+00
0.000000000000000000e+00
0.000000000000000000e+00
0.000000000000000000e+00
0.000000000000000000e+00
0.000000000000000000e+00
0.000000000000000000e+00
-3.042257944218729280e-03
-1.264009107146361888e-02
-1.281673830693438355e-02
-1.046144183399085395e-02
-1.352332724881744573e-02
-1.291487565997369996e-02
-8.577204655636027839e-03
-7.203281713085635425e-03
-6.575202653634026721e-03
-8.184655243478770881e-03
-8.400557420165264896e-03
-4.690965475279201477e-03
-3.532944709415298417e-04
0.000000000000000000e+00
0.000000000000000000e+00
0.000000000000000000e+00
0.000000000000000000e+00
0.000000000000000000e+00
0.000000000000000000e+00
0.000000000000000000e+00
0.000000000000000000e+00
0.000000000000000000e+00
-4.906867651965691373e-04
-9.813735303931384914e-04
-7.595831125242890648e-03
-1.527017213291723477e-02
-1.982374531394139397e-02
-4.108029598225675788e-02
-8.445700602563348258e-02
-1.157824491157824348e-01
-1.509352489744646697e-01
-1.873638344226579711e-01
-2.192781016310428321e-01
-2.067361479126184620e-01
-1.868927751280693161e-01
-1.751555477045672882e-01
-1.517988576812106249e-01
-1.153898997036251761e-01
-6.661563524308622419e-02
-3.299377809181731208e-02
-2.170798249229621488e-02
-1.491687766197570368e-02
-5.947123594182418017e-03
0.000000000000000000e+00
-1.766472354707649209e-04
0.000000000000000000e+00
0.000000000000000000e+00
0.000000000000000000e+00
0.000000000000000000e+00
0.000000000000000000e+00
-3.866611709748965162e-03
-1.103063848161887212e-02
-4.088402127617812853e-02
-7.542836954601661592e-02
-1.302675224243851904e-01
-1.921136823097607527e-01
-2.742742742742744766e-01
-3.641092072464621743e-01
-4.469567606822510974e-01
-5.212467369330114897e-01
-5.657225853304280738e-01
-5.971657932442244743e-01
-5.676657049206070837e-01
-5.254666431137019478e-01
-4.069167206422108496e-01
-2.915660758798013230e-01
-2.040471844393412781e-01
-1.194135311782370812e-01
-7.342636754401458965e-02
-4.588902628118313176e-02
-1.874423443050893603e-02
-3.474062297591709939e-03
-3.238532650297356024e-03
0.000000000000000000e+00
0.000000000000000000e+00
0.000000000000000000e+00
-6.477065300594712048e-04
-4.062886415827592773e-03
-1.142318789377612734e-02
-3.456397574044632603e-02
-1.126420538185244208e-01
-1.969420400792949166e-01
-2.744509215097449828e-01
-3.536870203536870427e-01
-4.731986888849633588e-01
-6.073524504897057641e-01
-7.395630925042695480e-01
-8.691632809279877803e-01
-9.420008243537667525e-01
-1.001256158118903894e+00
-9.654556517301622343e-01
-8.327543229504020816e-01
-6.858230779799411314e-01
-4.902745883138039384e-01
-3.101925454866630849e-01
-1.957251369016075049e-01
-1.163909007046261546e-01
-6.600718365424250444e-02
-3.742958644919429367e-02
-1.744882137038999970e-02
-4.396553416161259192e-03
0.000000000000000000e+00
0.000000000000000000e+00
0.000000000000000000e+00
-3.768474356709651356e-03
-2.229680661053209598e-02
-5.218944434630708867e-02
-1.021217295727099295e-01
-1.968242752556478292e-01
-2.811635164576342105e-01
-3.931971186873147728e-01
-5.441716226029952308e-01
-7.092975328269448543e-01
-8.998606449586848965e-01
-1.062886415827594355e+00
-1.225107460401580139e+00
-1.344678011344679902e+00
-1.426583446191291626e+00
-1.355139453178671349e+00
-1.269328151681094363e+00
-1.075290977251762037e+00
-8.181711122887600496e-01
-5.363991442422817446e-01
-3.249720308543836422e-01
-1.865394806571277764e-01
-9.705784215588138253e-02
-6.773440106773438718e-02
-3.831282262654811532e-02
-1.503464248562287782e-02
0.000000000000000000e+00
0.000000000000000000e+00
-4.121768827651181035e-04
-1.405326895522973803e-02
-3.415179885768121482e-02
-8.159139531688548719e-02
-1.299142279534436228e-01
-2.305442697599559831e-01
-3.588686725941627742e-01
-5.094898820389021088e-01
-7.219768788396240256e-01
-9.503817543033239446e-01
-1.116135743586725626e+00
-1.196647628020178988e+00
-1.336689630807279983e+00
-1.424130012365309561e+00
-1.489803529019217532e+00
-1.488390351135451928e+00
-1.413177883766121967e+00
-1.206932422618699041e+00
-9.311468331076188099e-01
-6.449783116449782083e-01
-4.047380714047381089e-01
-2.223988694576929936e-01
-9.350526997585821565e-02
-5.956937329486349658e-02
-3.407328897524976308e-02
-9.283793597519086546e-03
0.000000000000000000e+00
0.000000000000000000e+00
-4.102141357043318642e-03
-2.402402402402403075e-02
-5.083514887436456353e-02
-9.389781938801548822e-02
-1.554103122730573494e-01
-2.431843608314196714e-01
-3.938644526879822028e-01
-5.601876386190111079e-01
-8.066301595713371020e-01
-9.823745313941411039e-01
-1.056075683526665587e+00
-1.101788062572378157e+00
-1.130110502659523952e+00
-1.194861528194864020e+00
-1.300869496947931081e+00
-1.351135449174667880e+00
-1.317395827199750791e+00
-1.131327405837211808e+00
-9.026870007262175477e-01
-6.296296296296296502e-01
-3.712732340183321211e-01
-1.787081198845904551e-01
-6.455475082926062647e-02
-2.800840055742016832e-02
-1.593750613358456414e-02
-1.020628471608863710e-03
0.000000000000000000e+00
0.000000000000000000e+00
-2.374923943551394707e-03
-1.411215136705332857e-02
-3.919605880390195085e-02
-7.491805531021217268e-02
-1.329957408388781070e-01
-2.339790771163320349e-01
-3.780447113780446844e-01
-5.767139688708313727e-01
-7.721054387721058010e-01
-8.958370134840737409e-01
-8.818033719994508024e-01
-8.153643839918358616e-01
-8.083377495142204383e-01
-9.178197805648793395e-01
-1.111974719817858892e+00
-1.200808651789045278e+00
-1.163143535692557684e+00
-9.901666372254629422e-01
-7.835286266658821885e-01
-5.121788455121794037e-01
-2.932932932932934555e-01
-1.218473375336120712e-01
-4.302341557243517106e-02
-2.253233625782645119e-02
-1.264009107146361888e-02
-8.243537655302362070e-04
0.000000000000000000e+00
0.000000000000000000e+00
0.000000000000000000e+00
-7.850988243145106196e-03
-1.968635301968636037e-02
-4.612455592847749392e-02
-1.019450823372391596e-01
-2.060295589707354380e-01
-3.510765667628413800e-01
-5.592455200298339646e-01
-7.281399046104933825e-01
-7.941078333235198627e-01
-7.246069599010773743e-01
-6.528292998881236597e-01
-7.470019038646493748e-01
-9.980176254686062842e-01
-1.170307562464425688e+00
-1.201358220966065593e+00
-1.109167991520934260e+00
-9.782920175077053360e-01
-7.246069599010782625e-01
-4.559657696912598479e-01
-2.339594496457240991e-01
-6.418182888771124806e-02
-1.962747060786276809e-02
-4.612455592847748004e-03
-3.532944709415298417e-04
0.000000000000000000e+00
0.000000000000000000e+00
0.000000000000000000e+00
0.000000000000000000e+00
-3.572199650631023311e-03
-6.948124595183419010e-03
-2.641857543818328102e-02
-8.534024220298730423e-02
-1.791791791791791377e-01
-3.596537714184771528e-01
-5.639364855051133274e-01
-7.264126871970015831e-01
-7.812322126047621662e-01
-6.797581895621119807e-01
-6.754990284402052625e-01
-8.657677285128274614e-01
-1.129600188423720120e+00
-1.237099844942983529e+00
-1.243203988302029828e+00
-1.206480990794718045e+00
-1.051816522404759535e+00
-7.251565290780981332e-01
-4.038155802861686516e-01
-1.675008341675008061e-01
-4.484877033896640663e-02
-1.022591218669650047e-02
-6.084515888437456608e-04
0.000000000000000000e+00
0.000000000000000000e+00
0.000000000000000000e+00
0.000000000000000000e+00
0.000000000000000000e+00
0.000000000000000000e+00
-2.316041531727806337e-03
-2.779249838073367951e-02
-7.401519166225048463e-02
-1.402382774931794640e-01
-3.327052542738817564e-01
-5.622288955622289919e-01
-7.647058823529423455e-01
-7.941274607941281038e-01
-7.198767394845833056e-01
-7.885728866121030078e-01
-1.034524720799232078e+00
-1.270878721859117322e+00
-1.361125831714070200e+00
-1.341478733635598664e+00
-1.272370409625313670e+00
-1.106164988517932102e+00
-7.397986221515630012e-01
-3.635400105988343400e-01
-1.534083102710553925e-01
-4.543759445720228080e-02
-1.269897348328720595e-02
0.000000000000000000e+00
0.000000000000000000e+00
0.000000000000000000e+00
0.000000000000000000e+00
0.000000000000000000e+00
0.000000000000000000e+00
0.000000000000000000e+00
-7.850988243145106088e-05
-1.566272154507448999e-02
-6.490804530020213847e-02
-1.256158118903216991e-01
-2.610453590845749905e-01
-4.858387799564268805e-01
-6.985024239926206358e-01
-7.652161965887456230e-01
-7.164615595988150787e-01
-8.327150680091868207e-01
-1.124045614241695024e+00
-1.307150287542447886e+00
-1.362754911774522126e+00
-1.312037527723804109e+00
-1.284166519460639755e+00
-1.089560148383679650e+00
-6.909065928673773227e-01
-3.750024534338262105e-01
-1.822606920646135942e-01
-8.292606331822018062e-02
-3.024593220671652205e-02
-3.945121592180416900e-03
0.000000000000000000e+00
0.000000000000000000e+00
0.000000000000000000e+00
0.000000000000000000e+00
0.000000000000000000e+00
0.000000000000000000e+00
0.000000000000000000e+00
-1.093250112857955918e-02
-3.874462697992110682e-02
-9.360340732889753379e-02
-2.130758209189581864e-01
-3.757482973169249951e-01
-5.283911362342736950e-01
-6.235254862705847945e-01
-6.438399183497220957e-01
-8.241182358829419741e-01
-1.110227874933758629e+00
-1.248719307542839330e+00
-1.239141101886201302e+00
-1.239690671063222061e+00
-1.185911401597677717e+00
-9.224322361577280693e-01
-6.150464189679881732e-01
-3.965926711024749252e-01
-2.283852479930911505e-01
-1.327798386621916460e-01
-4.665449763488979662e-02
-4.612455592847748004e-03
0.000000000000000000e+00
0.000000000000000000e+00
0.000000000000000000e+00
0.000000000000000000e+00
0.000000000000000000e+00
0.000000000000000000e+00
-1.864609707746962960e-03
-1.216903177687491365e-02
-2.922530373510765292e-02
-6.655675283126265274e-02
-1.551159002139394227e-01
-2.753930400989225702e-01
-3.623623623623625778e-01
-4.611670494023436540e-01
-5.365954189483604919e-01
-7.120257512414380763e-01
-9.672810064966929078e-01
-1.123751202182577069e+00
-1.140042002787102771e+00
-1.153153153153154920e+00
-1.046183438340302141e+00
-7.816247620169189947e-01
-5.505505505505507990e-01
-3.814402637932054474e-01
-2.377475514730416906e-01
-1.379026084908437921e-01
-5.627195823274253050e-02
-9.715597950892069373e-03
-1.373922942550393498e-04
0.000000000000000000e+00
0.000000000000000000e+00
0.000000000000000000e+00
0.000000000000000000e+00
-2.944120591179415257e-04
-5.554574182025161927e-03
-2.575124143751595165e-02
-4.355335727884746683e-02
-5.507468252566292966e-02
-1.145851734087027785e-01
-1.834775952423011169e-01
-2.379830811203361429e-01
-2.995348289465936120e-01
-3.899389585664095881e-01
-5.481559991363915696e-01
-7.940096959704806556e-01
-1.016702977487292214e+00
-1.094329623741389756e+00
-1.059490863412434036e+00
-9.262203379850443286e-01
-7.065889418830603175e-01
-5.274097627038802916e-01
-3.671122102494650541e-01
-2.267954228738542077e-01
-1.297179532473650143e-01
-5.927496123574555603e-02
-1.727217413491923328e-02
-2.669336002669336124e-03
0.000000000000000000e+00
0.000000000000000000e+00
0.000000000000000000e+00
0.000000000000000000e+00
-9.224911185695499043e-04
-1.385699424915111042e-02
-4.361223969067106604e-02
-7.334785766158315179e-02
-1.051639875169286809e-01
-1.344285461932520631e-01
-1.612789259848083079e-01
-1.837131248895954860e-01
-2.299161907005045080e-01
-3.302910753891145634e-01
-5.177334196942043887e-01
-7.812125851341541471e-01
-1.004161023768868288e+00
-1.070639266717698712e+00
-9.872028891636734915e-01
-8.327150680091860435e-01
-6.639188207815662768e-01
-5.124143751594736340e-01
-3.621660876562837750e-01
-2.183948654536889689e-01
-1.158805864688217530e-01
-5.466250564289779762e-02
-2.219866925749278130e-02
-2.080511884433453289e-03
0.000000000000000000e+00
0.000000000000000000e+00
0.000000000000000000e+00
0.000000000000000000e+00
-9.224911185695499043e-04
-1.896013660719542832e-02
-4.916681387269623837e-02
-9.315197550491671752e-02
-1.425346915542993753e-01
-2.041649492629885043e-01
-2.207501619266326043e-01
-2.267757954032464662e-01
-2.660699915601877907e-01
-3.716657834304895047e-01
-5.673909203320969263e-01
-8.414885473709015073e-01
-1.037272566684332320e+00
-1.052209071816916364e+00
-9.372313489960556465e-01
-8.101827317513600191e-01
-6.409154252291513476e-01
-4.777915170072036255e-01
-3.368466505721407489e-01
-1.872656970696187084e-01
-9.692044986162633158e-02
-4.492728022139786531e-02
-2.011815737305933452e-02
-6.477065300594712048e-04
0.000000000000000000e+00
0.000000000000000000e+00
0.000000000000000000e+00
0.000000000000000000e+00
-1.373922942550393498e-04
-2.590826120237884819e-02
-6.630159571336043112e-02
-1.102475024043651358e-01
-1.847337533612043170e-01
-2.699954856817602944e-01
-3.247365012070895784e-01
-3.532748434709218066e-01
-4.207148324795382255e-01
-5.357514377122222227e-01
-7.635478615870771035e-01
-1.009009009009009361e+00
-1.155547704567313261e+00
-1.076390115605802666e+00
-9.599403324893533984e-01
-8.188188188188199046e-01
-6.378339123437164471e-01
-4.337278454925513338e-01
-2.827729690474787838e-01
-1.334864276040746978e-01
-7.040373707040374629e-02
-3.509391744685862874e-02
-1.360183713124889573e-02
-6.477065300594712048e-04
0.000000000000000000e+00
0.000000000000000000e+00
0.000000000000000000e+00
0.000000000000000000e+00
-1.373922942550393714e-03
-2.785138079255726137e-02
-6.757738130287151146e-02
-1.236530648295354612e-01
-2.119570550943100373e-01
-3.189071424365541585e-01
-4.294294294294296876e-01
-5.600698737953645479e-01
-6.913972796325741355e-01
-8.262968851204147702e-01
-1.022571591199043839e+00
-1.197040177432335817e+00
-1.260181750377830312e+00
-1.125026987772087317e+00
-9.968399772321357988e-01
-7.945788926181092116e-01
-5.449370939567017569e-01
-3.347268837464914548e-01
-1.920547998979371951e-01
-8.728336179316571741e-02
-4.773400851832224068e-02
-2.459322067165204198e-02
-7.811733301929380327e-03
-2.355296472943532097e-04
0.000000000000000000e+00
0.000000000000000000e+00
0.000000000000000000e+00
0.000000000000000000e+00
-1.373922942550393498e-04
-1.597676107480028654e-02
-5.073701152132524539e-02
-1.079707158138530632e-01
-1.842430665960076708e-01
-3.183379457889263242e-01
-4.743567096508276570e-01
-6.944591650474004618e-01
-8.956799937192096994e-01
-1.059863785353982513e+00
-1.203458360321106868e+00
-1.303479950538775523e+00
-1.256688060609630897e+00
-1.080610021786494013e+00
-8.927555005986389514e-01
-6.288641582759229021e-01
-3.761997291409056587e-01
-2.205931421617696453e-01
-1.165086655282733669e-01
-5.947123594182419232e-02
-2.781212585134153550e-02
-1.181573730593338430e-02
-6.712594947889065529e-03
0.000000000000000000e+00
0.000000000000000000e+00
0.000000000000000000e+00
0.000000000000000000e+00
0.000000000000000000e+00
0.000000000000000000e+00
-7.478066301595714775e-03
-3.079550138373667728e-02
-6.459400577047633152e-02
-1.341537616047420445e-01
-2.450882254803823102e-01
-4.034622858152269176e-01
-6.151053013798108982e-01
-8.389566036624865886e-01
-1.006594830124243778e+00
-1.113839329525605493e+00
-1.143830104614419252e+00
-1.050894031286188968e+00
-8.424110384894708536e-01
-6.398555418163264230e-01
-4.057390724057389764e-01
-2.332724881744488721e-01
-1.272448919507742915e-01
-7.187579736599343516e-02
-3.666411509548764269e-02
-1.707589942884060741e-02
-7.321046536732810431e-03
-5.613456593848749863e-03
0.000000000000000000e+00
0.000000000000000000e+00
0.000000000000000000e+00
0.000000000000000000e+00
0.000000000000000000e+00
0.000000000000000000e+00
-1.020628471608863710e-03
-6.457437829986850848e-03
-2.019666725549078279e-02
-5.886278435298044481e-02
-1.558028616852146220e-01
-2.789848672201614699e-01
-4.112543916465486449e-01
-5.576360674399892803e-01
-6.226226226226223570e-01
-6.335943786924179699e-01
-6.247031345070562791e-01
-5.783234214606765011e-01
-4.663683291134270159e-01
-3.633241084221479067e-01
-2.577675714930617312e-01
-1.620443973385149727e-01
-8.683192996918485951e-02
-5.138471805138472570e-02
-2.539794696657441189e-02
-1.252232624781644300e-02
-9.872617715754971116e-03
-2.688963473277198191e-03
0.000000000000000000e+00
0.000000000000000000e+00
0.000000000000000000e+00
0.000000000000000000e+00
0.000000000000000000e+00
0.000000000000000000e+00
0.000000000000000000e+00
0.000000000000000000e+00
-2.747845885100787429e-03
-2.096213860919743030e-02
-7.713595948890067389e-02
-1.638108696932226716e-01
-2.365895307071777531e-01
-2.935288229405875748e-01
-3.176509843176509862e-01
-2.978468664743174621e-01
-3.072287974248757991e-01
-3.097999960745059234e-01
-2.457751869516575649e-01
-1.912500736030147974e-01
-1.492472865021884365e-01
-9.136587567960118006e-02
-4.577126145753597497e-02
-2.582975131994739992e-02
-9.892245186362835785e-03
-4.337671004337672123e-03
-5.809731299927378342e-03
-8.439812361380990332e-04
0.000000000000000000e+00
0.000000000000000000e+00
0.000000000000000000e+00
0.000000000000000000e+00
0.000000000000000000e+00
0.000000000000000000e+00
0.000000000000000000e+00
0.000000000000000000e+00
-5.024632475612867896e-03
-1.778248837072366265e-02
-5.303342558244519833e-02
-8.439812361380989725e-02
-9.917760898153053783e-02
-1.094231486388349411e-01
-1.406308269053367366e-01
-1.290702467173054924e-01
-1.314255431902490723e-01
-1.253802822430273023e-01
-1.003945121592180606e-01
-5.937309858878486724e-02
-4.180651239474767605e-02
-2.906828397024475638e-02
-2.645783037939900689e-02
-2.121729572709964845e-02
-9.735225421499930573e-03
0.000000000000000000e+00
0.000000000000000000e+00
0.000000000000000000e+00
0.000000000000000000e+00
0.000000000000000000e+00
0.000000000000000000e+00
0.000000000000000000e+00
0.000000000000000000e+00
0.000000000000000000e+00
0.000000000000000000e+00
0.000000000000000000e+00
0.000000000000000000e+00
0.000000000000000000e+00
0.000000000000000000e+00
-5.691966476280203337e-04
-4.946122593181417892e-03
-3.552572180023159942e-03
-5.024632475612867896e-03
-6.437810359378986179e-03
-1.103063848161887038e-02
-9.774480362715658177e-03
-4.141396298259043644e-03
-1.158020765863903255e-02
-1.012777483365718580e-02
-1.216903177687491322e-03
0.000000000000000000e+00
0.000000000000000000e+00
0.000000000000000000e+00
0.000000000000000000e+00
0.000000000000000000e+00
0.000000000000000000e+00
0.000000000000000000e+00
0.000000000000000000e+00
0.000000000000000000e+00
