-1.511055956029587755e+00
7.419429833451255396e-01
2.188582866716950413e-08
-5.274516263365974789e-01
2.783148529172030372e+00
7.867883254830347046e-08
6.015592723391934848e-01
-2.373709456990348521e+00
1.908856906199932757e+00
-1.965856334517969151e+00
-3.725140194011704597e-01
1.592058810311133943e+00
2.659116888420933744e-01
3.983400709651442884e-01
9.517416654298731515e-01
3.626919932637058808e-01
1.796068176790561466e-01
2.046293547037967731e+00
1.093377101315129857e-01
7.960937526871232350e-01
-2.968287136545975979e+00
1.797053034615000211e+00
-1.166807556063140350e+00
3.303169302792828277e-01
1.826188314962739145e+00
-9.063167712199844406e-01
1.400302012959568354e-01
9.757354048202057095e-01
1.504442694619548382e+00
-7.198650496650288444e-01
4.518665801293834661e-01
-8.257196169880404168e-01
5.336692553697787167e-01
1.259477415912756193e+00
-7.362766918232845903e-01
-7.519142467555666176e-01
1.352875770122142773e+00
-2.824030520331550775e-01
-3.598825230554396626e-01
1.004171855769298016e+00
-1.183249639468416436e+00
-8.098854394132428691e-01
1.452237958124940720e+00
-8.328273536639356767e-01
-7.970722323341919990e-01
1.276858725537193928e+00
-1.217322215150075992e+00
-1.621454575824325284e+00
-1.444760471088477882e-01
-8.282216618357049476e-02
-1.248980427046181507e+00
2.492709674939706452e-02
9.721878172735757273e-01
-5.064432827996822040e-01
-1.360229719247362690e+00
-1.235539964737640162e+00
-1.354995699052415070e-01
-2.068095786604546849e+00
4.332308182230762417e-01
-1.693127049130893180e+00
-6.635419910400607024e-02
2.370105245768304947e+00
4.895104415454079594e-01
3.596167474636219330e-01
5.535639796825066877e-02
-5.089630556098719838e-01
1.328661875334180842e-01
-7.209590932408470598e-01
1.072065428725561320e+00
-1.695756074137221708e-02
1.690819076831467926e-01
1.011200707723596715e+00
-3.046908239416599717e-01
-3.199863823970175436e-01
1.819180978711439023e+00
-9.192054268647354975e-01
-1.736848000415752935e+00
7.845117891778607966e-01
-4.342813515485530185e-01
6.380546129593192561e-02
-1.543746351159044572e+00
1.334212110203448098e+00
9.518695847252606201e-02
-9.011380276094126396e-01
-1.997928317043383473e+00
7.210705085480405563e-01
-4.758864407687371186e-04
-2.129565141550922025e+00
-9.324254538253962110e-01
4.523683694049518977e-01
6.228234151725067225e-01
4.583234075249166262e-01
1.258778778554268118e+00
-4.057744917791129557e-01
2.193618756891898280e-01
1.165774820754839514e+00
-6.873347941011496154e-01
-4.212901538832541926e-01
1.430016859007571806e-01
-4.125963598313368563e-01
-1.265842228595839503e+00
-1.008403513193006917e+00
-1.863706363305712710e+00
-1.791567460414100754e+00
6.597857991486411056e-01
-1.286684820339415225e+00
-6.079980149055038696e-01
1.865044162926249027e-01
-1.766547324080245188e-02
-1.263682820561723874e+00
-2.576107697178279476e+00
5.839867759472651132e-01
6.914030532683923536e-01
-5.571837276528828209e-01
-4.864926832033611426e-01
5.816499510031866715e-02
1.456584389262069124e+00
-1.058791938387331211e+00
-1.308069216402879889e-02
-3.396931323583748386e-01
-9.864942895967461212e-01
5.595341159077414916e-01
-3.368420941516170886e-01
-9.372290657116848500e-01
6.457381090782514654e-01
-2.210623702983570471e+00
-8.770432440714308608e-01
-1.404634971811125066e+00
-5.297917471317658000e-01
-3.344576805041342471e+00
-1.411887876075134995e+00
1.302985543665856838e+00
-8.531673388822116344e-01
1.464796517378037288e+00
-8.245694803159495656e-01
2.868584273259582873e-01
-4.942523833557964652e-01
-4.667478137186371057e-01
-9.506593187832966807e-01
-4.468085857018833096e-01
2.500084955241101414e-01
-3.330904263789219444e-01
4.725478930038708864e-02
-1.440913295356589241e-01
1.013408337387692176e-01
-4.177334380825414306e-01
-7.024787693419461965e-01
8.082028382563027913e-01
-1.408043977972516902e+00
-1.179340639223471987e+00
-1.884493574041121722e+00
-9.460699809316392983e-01
1.928665206671704158e-01
-3.667071569826463318e+00
-4.233648528010370171e+00
-4.742916962243032053e+00
-2.859443546408465764e+00
-2.989740893306747083e+00
-3.103828026726340283e+00
-3.623253599213289711e+00
-2.416428739856578023e+00
-1.190169744381746719e+00
-5.714589372131203548e-01
8.589195597358141310e-01
-3.000159289685413011e+00
-2.015792340217570366e-01
1.474956839433094302e+00
6.749196698373672865e-01
2.144234082390658047e-01
-6.285930467075879768e-01
4.954709671900860979e-01
-6.722755295305438139e-01
3.395044927802082224e-01
-7.874870093039449959e-01
-2.908957990412303629e-01
-3.208228047312788322e-01
-7.327904020307017818e-01
1.872958362599252968e-01
-1.809208930709290675e+00
-3.985994693471819783e+00
-4.345217195908239738e+00
-4.479306475703445756e+00
-3.155333587500716241e+00
-5.735929865934974003e+00
-2.148758664826519560e+00
-4.620732659510855100e+00
-2.957556438338655447e+00
-2.482291169559850186e+00
-2.938718795093838154e-01
-7.430795909258770815e-02
3.347234106976105239e-01
-7.301844807707792429e-01
4.337175235018813635e-01
-5.692927238367044840e-01
1.542651995350669136e-08
1.849017328728780052e-01
-1.080212582213624373e+00
-3.535266351970234311e-01
-1.091124383401686826e+00
-8.017583949792316256e-01
6.701354061539759321e-01
1.510546113814736358e-01
1.161382074330308045e+00
1.876020448078792244e-02
-1.733018898749150993e-01
-2.153235023472187759e+00
-2.983735514337213957e+00
-3.865548060404947250e+00
-3.851877733863148023e+00
-4.179770222962748250e+00
-5.182010601326950017e+00
-4.717221526168168921e+00
-4.867662524655289147e+00
-4.183798427804243936e+00
-3.690447336924127963e+00
-9.943364079679621881e-01
-3.062528184030135048e+00
-2.369043322223860937e+00
-1.237970409007533440e-01
-6.169435131753703283e-01
1.465353094478151874e+00
-2.418971772841093770e+00
-1.261699488274544034e+00
1.286840871889124716e-01
2.195236735374845871e-01
-8.030045587428855658e-01
-1.809540106495897360e+00
1.418852438589386589e+00
-2.777792878633082996e-01
4.007108480429278918e-01
4.926161006339575543e-01
-1.747160873274473003e+00
-2.168477906411338640e+00
-1.681218844608526330e+00
-3.774421070979027792e+00
-3.993992246460783768e+00
-3.776994471534435238e+00
-2.900094281018704478e+00
-3.885023900455062851e+00
-4.883203458313770895e+00
-2.627900958644583174e+00
-4.372009982174323461e+00
-3.322763826939721277e+00
-2.618001147215426982e+00
-6.907767164162171847e-01
-2.277249316337593754e+00
-7.580880823654484457e-01
1.887602955359829748e-01
2.832063539403124053e-01
8.564903335288461816e-01
-4.095875593677537618e-01
-3.686925938239395406e-01
1.537213938094052823e+00
-1.626075664828593226e+00
1.195494629874761516e+00
-1.094994157268115886e+00
-1.005244151105668671e+00
9.419139486454375376e-01
1.169591515219057021e+00
-1.019671898173635238e+00
-2.053810892246574316e+00
-4.559383159492641724e+00
-4.486349568429881529e+00
-5.030142575088552448e+00
-4.705226737405376447e+00
-3.301079304020177574e+00
-2.982349567342521102e+00
-3.227976706935153928e+00
-3.550568196578985702e+00
-4.371104769421945591e+00
-3.135019144796101997e+00
-2.787520446355695292e+00
-3.177356050233935747e+00
-5.126761464216516018e-01
-2.239945173168580883e+00
5.930766468919816958e-01
7.817754705634143153e-02
1.407605176055869711e-01
-1.124407978331018132e+00
4.975455611804853184e-01
-3.951246436490061242e-01
1.147949682692349926e-01
2.998251338060237359e+00
-3.445997546101689513e-01
-9.388237514758807079e-02
2.484450691019308988e-02
-1.007516522328304465e+00
-2.625651045674731066e+00
-1.314924552878508290e+00
-3.836102855886147189e+00
-4.488707227556489876e+00
-3.582176880655866924e+00
-1.500392028427226965e+00
-1.248114530405493472e+00
-3.352810139904186748e+00
-2.205014573992257088e+00
-2.274005891687814085e+00
-4.079543811544332321e+00
-3.213355445944138467e+00
-3.225620006066604706e+00
-2.340733953826695579e+00
-1.140675630468143575e+00
-2.315349682610982729e+00
5.285645993624749593e-03
5.506398282881816986e-01
6.620789613225731562e-01
-1.446614088403061493e-01
5.231609504285293921e-01
-7.684051469873145468e-01
5.068626434737097952e-01
6.061732571713370765e-01
3.788121263029006758e-02
-2.818212362738021781e-01
-1.184304070326675173e+00
-8.854824915180355971e-01
-6.755314165014442152e-01
-1.877394866626158176e+00
-1.574212090432791866e+00
-5.783992473250307853e+00
-3.697096893856127497e+00
-2.928729283264488892e+00
-2.200936210753522193e+00
-2.037679977767438810e+00
-3.787479382319293375e+00
-2.220993436002094867e+00
-4.130000628969908050e+00
-4.484304891430528350e+00
-2.993749761405945176e+00
-3.164605954205886640e+00
-3.107289145549301246e+00
-1.005862097097168562e+00
-7.485941286288501084e-01
6.535066600492976940e-01
7.274571458122756906e-02
1.363977252864924550e+00
9.916328316749337124e-02
1.936684190324388100e+00
-8.881677255709944374e-01
-1.132966920081071027e+00
3.871032321708997581e-01
-5.062941470983250286e-02
-1.232963810480338651e+00
-2.443440738872666440e+00
-2.426553960322147763e+00
-3.042657495820060287e+00
-5.148850524884027280e+00
-4.809717879833770304e+00
-4.679713966640217215e+00
-3.864444904454669150e+00
-3.488809329686684002e+00
-2.965957043097242174e+00
-4.140619273002366540e+00
-1.992173738464857236e+00
-5.181459856843546596e+00
-4.245960161863017390e+00
-2.611382730558831078e+00
-2.328101259609505647e+00
-8.506162295734669421e-01
-1.458921313927082242e+00
-1.652158904533888917e+00
-1.466631192193616817e+00
-1.461573063147741658e-01
1.024468214591031545e+00
2.199336388798846520e-01
6.333711720236986364e-01
1.078224486282829270e-01
-2.655533586272246227e-01
9.656639282157386539e-01
9.678806877469603442e-01
-1.244302692283818956e+00
-1.215343346382019796e+00
-1.539056987369552765e+00
-2.608349153249340802e+00
-4.976504490203453202e+00
-2.528689360912835138e+00
-4.206399668976486539e-01
-3.320163181457395751e+00
-4.215668833014183825e+00
-4.390087192390812021e+00
-5.507005887163570534e+00
-3.982708734922884020e+00
-3.395007290811223211e+00
-4.507620461768871323e+00
-2.311700282997275036e+00
-3.181974455875889340e+00
-2.536655228068472212e+00
-1.050864669966181442e+00
4.594022346308450633e-01
1.144602744701918917e+00
1.469660974066100190e+00
2.998866321759502962e-01
1.236639245380032115e+00
7.647116746798877929e-02
2.601550101667861048e-01
4.965294799999211972e-01
-3.527178168700997318e-01
-1.106090913159190725e+00
-7.663644342779319940e-01
-8.623205712752965435e-02
-2.329042594283601275e+00
-2.196015275849005466e+00
-3.395583038227286465e+00
-2.937429004104551211e+00
-3.374474740684468177e+00
-4.202494887219115682e+00
-3.684010306671723800e+00
-4.367210899330395080e+00
-5.278070018313488099e+00
-4.837457553867813509e+00
-5.894489060029570737e+00
-2.753222995315779187e+00
-1.261611800142573125e+00
-1.902203231172808540e+00
-6.357755217448028962e-01
-1.375162077141452777e+00
-8.686446121197186621e-01
-7.024213560886938268e-02
4.544485929714455752e-01
7.955937573725127554e-02
-7.879243380855569523e-01
-4.627469046627049470e-02
-3.779384224660504721e-01
2.799884319032697744e-01
1.925542826851767808e+00
-6.629791709652244069e-01
-1.350160171387530861e+00
-2.074103397759081424e-01
-2.791274177755035613e+00
-3.334294741430309017e+00
-2.391252080555782644e+00
-4.296992958314153732e+00
-5.081997298635871907e+00
-3.495090539532764939e+00
-5.758450290756350398e+00
-4.598912785270288239e+00
-5.479318430080860836e+00
-4.808946028856627031e+00
-5.305438435517814355e+00
-3.197305586474724404e+00
-2.997710532311003817e+00
-1.814971520987938902e+00
-4.536074651549840131e-02
-2.591865968329980063e+00
-1.129184318146256860e-01
-3.235630408910685762e-01
2.836852516531830903e-01
1.129073358623510881e+00
7.830750657856420105e-01
1.506901917451216322e-01
2.320909127180088571e-01
9.645957161366346400e-01
-4.300361040943609381e-01
-3.052801423126869085e-01
7.922162459701137527e-02
-5.274679494076238706e-01
-2.310001275099682783e+00
-2.894757155497454271e+00
-2.308537161081456457e+00
-3.560732935400381383e+00
-4.645786321401203622e+00
-3.453278163496006581e+00
-3.411190993480030187e+00
-5.908438993132813621e+00
-5.062205359241433555e+00
-4.766362302130116468e+00
-4.077835888485854099e+00
-3.736944882586810568e+00
-2.421387038691494187e+00
-1.558659974219323674e+00
-1.500211433526758897e+00
-1.783206609651482311e-01
-1.900410456523033753e+00
2.309710621540744246e-01
-1.016065950389116068e+00
-7.171506753129595069e-01
1.360000658802425821e+00
1.300649641821065572e+00
3.943121717320595687e-01
6.988749770962728869e-01
-4.798729593963209084e-01
-8.059745837414816760e-01
4.460843242414862242e-02
-1.396975079747475368e+00
-2.373021909531567886e+00
-2.307048064505814011e+00
-2.601231080047250899e+00
-2.001531680214278186e+00
-1.996982994073071449e+00
-4.093338662853808430e+00
-3.679691670898308953e+00
-2.938354476807014226e+00
-4.607366017359447952e+00
-3.846410142511190067e+00
-3.581148326134806048e+00
-2.294194070718664324e+00
-2.721110161218618817e+00
-2.139366528957693525e+00
-2.184361025611965879e+00
4.280184421852178955e-01
-1.744770921511681503e-03
-6.126793896119447913e-01
-7.948946901637752305e-01
2.088661860645773860e+00
-2.923154079147022522e+00
1.874166562333175745e-01
5.618982346989997295e-02
2.825972120475664928e-01
1.092059351916644827e+00
-8.660401081195661169e-03
-1.043668354302863976e+00
-4.889686338022106171e-02
-2.609449452284652082e+00
-1.608980990458593441e+00
-2.361825350868128393e+00
-2.509545343478902790e+00
-1.456498525973156433e+00
-5.023394393932031576e+00
-4.332354627572586381e+00
-2.986537626245196808e+00
-4.812175696333214958e+00
-3.555890908706035081e+00
-3.141845443868034771e+00
-2.555818117528051658e+00
-3.023689536959600410e+00
-2.925566844612839557e+00
-3.581880169095351896e+00
-2.109349478253156995e+00
1.842230680009731281e-01
-4.613259925135855810e-01
1.342497455014621366e+00
1.226646049137015915e+00
-4.641697191597521921e-01
-6.255140017386189299e-01
1.546510537640191529e+00
-3.708567713110001440e-01
-3.185125547795509271e-01
-1.721215516249769983e+00
3.489405203063802308e-01
-2.597021241919827084e+00
-8.224444483966277808e-01
-1.981935450180287273e+00
-1.593327613015137478e+00
-3.013833720201082311e+00
-1.305636676010452746e+00
-2.208823058668848649e+00
-3.632630006455597638e+00
-3.391758053559237762e+00
-3.507051961648803395e+00
-3.305041014890945927e+00
-3.841602686014789381e+00
-3.882387802668564536e+00
-1.799979451405727016e+00
-3.152223306691922300e+00
-3.455317810056187877e+00
-1.220604514682388952e+00
1.106051712583396629e+00
-1.516967633006385707e+00
-5.628841681445255762e-01
5.200988581377144482e-02
-1.028381288071617217e+00
-2.758859739014600798e-01
2.921487834030258024e-01
-3.809079372729123891e-01
5.987297743494326419e-01
-1.462704006961199399e+00
6.753954053110561295e-01
-7.429291545122871376e-01
-1.180136297012546853e+00
4.671121743718734121e-01
-2.501779589129660142e+00
-3.655673405459721081e+00
-3.207077646008081651e+00
-2.524584442903647030e+00
-5.197697368502307569e+00
-4.167694906513895958e+00
-3.591256402202082754e+00
-3.798700914536085271e+00
-2.340840893617019969e+00
-2.780290003045134295e+00
-7.972296908700718943e-01
-1.135525073502159810e+00
-1.823094942064975799e+00
-1.262097996124716404e-01
-9.402597741007048260e-01
-1.510028977983779268e-02
5.144215403485128402e-01
8.614302973706149391e-01
1.452042449909170641e+00
-3.697819881706925492e-09
1.655922746602837448e+00
-8.673993966205150175e-01
-2.425189207349482956e-01
-1.103495770532376241e+00
7.099200455546177402e-01
7.447592510498247664e-01
-4.882573787069013904e-02
-2.809843077195559591e+00
-3.691939986732553081e+00
-3.864792829370397254e+00
-5.799241951075330803e+00
-1.671944664206910680e+00
-5.398092103217885906e+00
-4.452872339737557361e+00
-3.779574027863809693e+00
-4.567520056286776153e+00
-5.214997713244391875e+00
-2.177682405550079192e+00
-1.368148306438734751e+00
7.919385733344940226e-01
-1.118563867595288031e+00
-1.544050563531442988e+00
-6.190044153663926130e-01
-7.719003023351433956e-01
-7.365305673005531073e-01
-2.626074806019412788e-02
-3.030305013437119666e+00
5.018034834713559073e-02
-1.150711319745311378e+00
8.684915309754007717e-01
9.434727525072750254e-01
-1.761966687433957901e+00
-8.906212873226723170e-01
-1.270702275703778250e+00
-2.666444383630484527e+00
-3.557121825859086872e+00
-4.435319343235517131e+00
-3.500382985402471725e+00
-3.849449301385173161e+00
-5.212622974766191852e+00
-5.724108988526686481e+00
-3.664954655003499262e+00
-4.744754626427828192e+00
-3.208440502642332604e+00
-1.236102575608090559e+00
-1.943031225240799742e+00
-1.852557387631495134e+00
-1.366467344822295704e+00
8.591184239645393017e-01
-7.279777670859596261e-01
-1.232466879548034022e+00
-2.056831913109377741e+00
-6.607156522950253796e-01
-3.117617300184445939e-01
-4.620658695480437395e-01
-3.721867907254958752e-01
4.241651594575782808e-02
-1.290000488489334129e+00
-1.112187904329347221e+00
-9.490201542925301714e-01
-7.938159053495383866e-01
-5.599010255589417229e-01
-6.970791779060208082e-01
-1.792619862374533746e+00
-2.418243531537669355e+00
-4.359725712035865008e+00
-3.237053323532551374e+00
-4.692180018725834678e+00
-3.462220665426455124e+00
-3.727313314091523999e+00
-1.914228021357246012e+00
-3.081809192113305507e+00
-1.861591480179970448e+00
-7.135474341828201839e-01
-1.328004790320615136e+00
-1.687331051807755000e-01
-1.094442935708559883e+00
2.594882858299564776e-01
-2.565668335375646536e-01
-6.193719536147990201e-01
1.480506918696818275e+00
-1.811121924163856978e+00
-1.409265767598611330e+00
-9.162782985778125111e-01
3.357046599884863092e-01
-5.160666836716101130e-02
-7.835023282363726693e-01
3.007277670732922403e-01
1.648917786972816657e+00
-9.041175757558575499e-02
1.899724148923781053e+00
-2.402984274752751226e+00
-1.478252881036876243e+00
-1.008054648088650751e+00
-5.472789591728097758e-01
-3.624129789896197718e+00
-2.488787100901200589e+00
-1.606911311037405143e+00
-6.899911407426434495e-01
-1.400177974371937140e+00
1.555325194924134236e-01
-1.541154591278497410e+00
-1.659980257759103184e+00
-1.088127611309710030e+00
-6.610330482087130033e-01
8.587360646296070266e-02
5.838892733028937521e-01
1.161544840520166710e+00
-1.476495638739504235e-01
-7.177720409934157386e-01
5.785644642332711252e-01
8.334052918655018849e-02
-5.098258780264935952e-01
-1.380615471791522553e-01
1.190502043907373020e+00
-4.181994770613136070e-01
-1.268502965468395194e-01
-1.112315219659740340e+00
-2.781116887289612372e+00
-4.998595178728348354e-01
-2.599036369878657826e+00
-5.179551032845017833e-01
-1.190052423855082614e-01
-7.846827401012437253e-01
-1.851181205593733781e-01
1.284566527774741174e-01
6.904959445014687003e-02
-4.523691775200717746e-01
-2.198531857254158173e-01
-1.561434260639541716e+00
-4.084407595018668125e-01
-1.320602097965986111e-04
-1.958078542527786348e-01
2.262408517242379680e-01
-7.022438061910578622e-01
2.503349378750152177e+00
-7.287380786148183187e-01
2.800923024266125938e-01
1.035838148063426140e-01
2.901425180675834548e-01
-3.610686452736277530e-01
7.743154693700280422e-01
-1.118741887801968593e+00
1.864860454130895517e-01
-8.489029581572612448e-01
8.979961796304405386e-01
7.088000478813810679e-02
1.227324020677535765e+00
-1.417797128063472023e+00
1.747824902140998393e+00
5.146054795337154930e-01
2.546451932945477115e-01
1.964294556143029447e-01
2.364790058414778240e-01
-9.137722666869437793e-01
1.459488294052878055e-01
-8.902218860580869420e-01
-9.343222642634094188e-02
9.536017319412997129e-01
3.280783294812857354e-01
7.057116512424947974e-01
-1.356340390537975615e+00
1.075321246817790621e+00
3.291401235597732899e-01
9.036431682616760108e-01
-1.526423343970623847e+00
4.041623206972440319e-02
1.202556753360729536e+00
-2.147433523129590238e+00
-9.481932125521662716e-03
9.804746117243189341e-01
1.374872952853429253e-01
1.389799105287819747e-01
4.187904391949296423e-01
-4.476835603643795625e-01
-4.729059015351929074e-01
-1.183711446483367125e+00
1.795772132560193579e-01
2.337466226553433224e-01
1.538215846887234006e+00
-1.386946212590506544e+00
6.086062524590695189e-01
4.588623190450269451e-01
-1.641104171200209683e+00
-1.567231648248089915e+00
-1.558316405376164004e+00
3.275001638982539820e-01
1.262465280791623456e+00
1.555577224118720459e+00
-6.564767412214366216e-01
-1.910013205445126205e+00
-6.109074067460852353e-01
1.179805562736549573e+00
9.579761768334407179e-01
5.125854213565196327e-01
